72.71283	20.0706	11.630906105
72.73083	20.0706	14.0185174942
72.74883	20.0706	20.4315700531
72.76683	20.0706	34.7283363342
72.78483	20.0706	59.6801681519
72.80283	20.0706	72.1700286865
72.82083	20.0706	355.302703857
72.83883	20.0706	146.874938965
72.85683	20.0706	44.5823936462
72.87483	20.0706	75.6066970825
72.89283	20.0706	48.8876686096
72.91083	20.0706	59.6814460754
72.92883	20.0706	77.8726806641
72.94683	20.0706	81.9913482666
72.96483	20.0706	90.0887451172
72.98283	20.0706	97.28074646
73.00083	20.0706	93.7424163818
73.01883	20.0706	82.7350616455
73.03683	20.0706	131.45425415
73.05483	20.0706	282.441467285
73.07283	20.0706	157.308609009
73.09083	20.0706	147.629623413
73.10883	20.0706	196.838195801
73.12683	20.0706	200.61164856
73.14483	20.0706	213.6590271
73.16283	20.0706	321.984954834
73.18083	20.0706	315.972869873
73.19883	20.0706	377.102722168
73.21683	20.0706	331.475097656
73.23483	20.0706	399.047271729
73.25283	20.0706	135.890350342
73.27083	20.0706	213.14616394
73.28883	20.0706	239.18107605
73.30683	20.0706	335.502929688
73.32483	20.0706	259.144470215
73.34283	20.0706	512.111938477
73.36083	20.0706	518.05065918
73.37883	20.0706	431.179840088
73.39683	20.0706	509.536743164
73.41483	20.0706	522.587463379
73.43283	20.0706	500.30255127
73.45083	20.0706	551.224243164
73.46883	20.0706	724.572631836
73.48683	20.0706	744.040283203
73.50483	20.0706	667.068725586
73.52283	20.0706	732.584594727
73.54083	20.0706	728.210571289
73.55883	20.0706	789.565979004
73.57683	20.0706	702.971435547
73.59483	20.0706	667.678771973
73.61283	20.0706	650.21270752
72.71283	20.0526	5.91720533371
72.73083	20.0526	10.7154130936
72.74883	20.0526	35.1036758423
72.76683	20.0526	43.5932388306
72.78483	20.0526	117.740394592
72.80283	20.0526	78.647644043
72.82083	20.0526	248.770111084
72.83883	20.0526	94.2242660522
72.85683	20.0526	60.5691719055
72.87483	20.0526	85.1288223267
72.89283	20.0526	68.65650177
72.91083	20.0526	70.6352310181
72.92883	20.0526	74.4672241211
72.94683	20.0526	99.700920105
72.96483	20.0526	94.767829895
72.98283	20.0526	130.514572144
73.00083	20.0526	112.773506165
73.01883	20.0526	111.997848511
73.03683	20.0526	247.541046143
73.05483	20.0526	363.618652344
73.07283	20.0526	171.503387451
73.09083	20.0526	184.615066528
73.10883	20.0526	181.264923096
73.12683	20.0526	229.710800171
73.14483	20.0526	329.943145752
73.16283	20.0526	381.052062988
73.18083	20.0526	361.109771729
73.19883	20.0526	304.243377686
73.21683	20.0526	199.432434082
73.23483	20.0526	229.422836304
73.25283	20.0526	111.430770874
73.27083	20.0526	106.944572449
73.28883	20.0526	114.334083557
73.30683	20.0526	206.323043823
73.32483	20.0526	257.648864746
73.34283	20.0526	387.176116943
73.36083	20.0526	286.799804688
73.37883	20.0526	481.126220703
73.39683	20.0526	577.72668457
73.41483	20.0526	555.62322998
73.43283	20.0526	455.093505859
73.45083	20.0526	450.843994141
73.46883	20.0526	523.576171875
73.48683	20.0526	864.02923584
73.50483	20.0526	760.957092285
73.52283	20.0526	791.422546387
73.54083	20.0526	802.015258789
73.55883	20.0526	707.906066895
73.57683	20.0526	714.726257324
73.59483	20.0526	654.295654297
73.61283	20.0526	615.03704834
72.71283	20.0346	0.0
72.73083	20.0346	12.3957529068
72.74883	20.0346	21.1772480011
72.76683	20.0346	65.1106185913
72.78483	20.0346	42.4104957581
72.80283	20.0346	158.932250977
72.82083	20.0346	166.686050415
72.83883	20.0346	106.068710327
72.85683	20.0346	70.8960266113
72.87483	20.0346	54.6709327698
72.89283	20.0346	65.0609130859
72.91083	20.0346	79.1885299683
72.92883	20.0346	100.918167114
72.94683	20.0346	150.410476685
72.96483	20.0346	165.186721802
72.98283	20.0346	182.943832397
73.00083	20.0346	114.507011414
73.01883	20.0346	217.70161438
73.03683	20.0346	201.116165161
73.05483	20.0346	187.492599487
73.07283	20.0346	229.236862183
73.09083	20.0346	257.160461426
73.10883	20.0346	216.478561401
73.12683	20.0346	287.183197021
73.14483	20.0346	341.918914795
73.16283	20.0346	359.690887451
73.18083	20.0346	373.92980957
73.19883	20.0346	383.982208252
73.21683	20.0346	356.929626465
73.23483	20.0346	381.808502197
73.25283	20.0346	380.172088623
73.27083	20.0346	392.937805176
73.28883	20.0346	322.206756592
73.30683	20.0346	402.242706299
73.32483	20.0346	270.145050049
73.34283	20.0346	213.880783081
73.36083	20.0346	216.920715332
73.37883	20.0346	522.498474121
73.39683	20.0346	507.667602539
73.41483	20.0346	440.842712402
73.43283	20.0346	502.631378174
73.45083	20.0346	555.830749512
73.46883	20.0346	575.18963623
73.48683	20.0346	738.643676758
73.50483	20.0346	730.501037598
73.52283	20.0346	731.119873047
73.54083	20.0346	707.70324707
73.55883	20.0346	700.166931152
73.57683	20.0346	686.333312988
73.59483	20.0346	683.179748535
73.61283	20.0346	699.471008301
72.71283	20.0166	0.0
72.73083	20.0166	15.0
72.74883	20.0166	23.3560619354
72.76683	20.0166	35.839050293
72.78483	20.0166	30.4513702393
72.80283	20.0166	82.2305755615
72.82083	20.0166	214.057876587
72.83883	20.0166	72.8228530884
72.85683	20.0166	66.7087554932
72.87483	20.0166	83.9904327393
72.89283	20.0166	75.1476516724
72.91083	20.0166	80.6294708252
72.92883	20.0166	105.577796936
72.94683	20.0166	116.341621399
72.96483	20.0166	159.036773682
72.98283	20.0166	256.531280518
73.00083	20.0166	202.133865356
73.01883	20.0166	140.330688477
73.03683	20.0166	131.900604248
73.05483	20.0166	190.584960938
73.07283	20.0166	200.899719238
73.09083	20.0166	372.288452148
73.10883	20.0166	311.364685059
73.12683	20.0166	296.481933594
73.14483	20.0166	357.507171631
73.16283	20.0166	349.43157959
73.18083	20.0166	354.053283691
73.19883	20.0166	346.787384033
73.21683	20.0166	206.965866089
73.23483	20.0166	369.931335449
73.25283	20.0166	378.664154053
73.27083	20.0166	229.366699219
73.28883	20.0166	154.774658203
73.30683	20.0166	351.338195801
73.32483	20.0166	451.250610352
73.34283	20.0166	391.497314453
73.36083	20.0166	436.922515869
73.37883	20.0166	370.126068115
73.39683	20.0166	297.021087646
73.41483	20.0166	310.613739014
73.43283	20.0166	443.158782959
73.45083	20.0166	443.367462158
73.46883	20.0166	589.201965332
73.48683	20.0166	734.127197266
73.50483	20.0166	729.545837402
73.52283	20.0166	734.758239746
73.54083	20.0166	764.31463623
73.55883	20.0166	688.567810059
73.57683	20.0166	703.56628418
73.59483	20.0166	704.364440918
73.61283	20.0166	641.336608887
72.71283	19.9986	-0.227873682976
72.73083	19.9986	8.7447719574
72.74883	19.9986	15.0722131729
72.76683	19.9986	20.3771305084
72.78483	19.9986	26.4511852264
72.80283	19.9986	62.9583244324
72.82083	19.9986	34.1128730774
72.83883	19.9986	44.0733528137
72.85683	19.9986	119.447891235
72.87483	19.9986	85.4533538818
72.89283	19.9986	125.466590881
72.91083	19.9986	109.039405823
72.92883	19.9986	101.685676575
72.94683	19.9986	150.265808105
72.96483	19.9986	232.449554443
72.98283	19.9986	149.788879395
73.00083	19.9986	178.290405273
73.01883	19.9986	125.640235901
73.03683	19.9986	107.018417358
73.05483	19.9986	139.308685303
73.07283	19.9986	175.210632324
73.09083	19.9986	260.52911377
73.10883	19.9986	241.594802856
73.12683	19.9986	256.578430176
73.14483	19.9986	309.427062988
73.16283	19.9986	352.765014648
73.18083	19.9986	350.655792236
73.19883	19.9986	327.86328125
73.21683	19.9986	338.315612793
73.23483	19.9986	325.932495117
73.25283	19.9986	383.425567627
73.27083	19.9986	383.144287109
73.28883	19.9986	142.289382935
73.30683	19.9986	375.22354126
73.32483	19.9986	340.722290039
73.34283	19.9986	415.918334961
73.36083	19.9986	403.918060303
73.37883	19.9986	424.99609375
73.39683	19.9986	496.538909912
73.41483	19.9986	367.113616943
73.43283	19.9986	492.759216309
73.45083	19.9986	462.912475586
73.46883	19.9986	607.618225098
73.48683	19.9986	717.837402344
73.50483	19.9986	742.348876953
73.52283	19.9986	741.473632812
73.54083	19.9986	670.27331543
73.55883	19.9986	661.356079102
73.57683	19.9986	649.468933105
73.59483	19.9986	628.053222656
73.61283	19.9986	626.059387207
72.71283	19.9806	-0.080317273736
72.73083	19.9806	7.55139970779
72.74883	19.9806	5.25864124298
72.76683	19.9806	8.03863430023
72.78483	19.9806	13.5074224472
72.80283	19.9806	19.6394557953
72.82083	19.9806	35.7533988953
72.83883	19.9806	79.2586135864
72.85683	19.9806	139.137908936
72.87483	19.9806	140.050857544
72.89283	19.9806	122.440330505
72.91083	19.9806	68.6862792969
72.92883	19.9806	89.7592391968
72.94683	19.9806	103.0
72.96483	19.9806	161.826385498
72.98283	19.9806	109.621704102
73.00083	19.9806	109.946388245
73.01883	19.9806	91.1706771851
73.03683	19.9806	112.227355957
73.05483	19.9806	191.083969116
73.07283	19.9806	187.616973877
73.09083	19.9806	260.108581543
73.10883	19.9806	159.892913818
73.12683	19.9806	284.17300415
73.14483	19.9806	218.396194458
73.16283	19.9806	295.625183105
73.18083	19.9806	380.095550537
73.19883	19.9806	333.010803223
73.21683	19.9806	353.021575928
73.23483	19.9806	363.851379395
73.25283	19.9806	384.474060059
73.27083	19.9806	357.051696777
73.28883	19.9806	187.866363525
73.30683	19.9806	219.218078613
73.32483	19.9806	288.383544922
73.34283	19.9806	299.568389893
73.36083	19.9806	356.987121582
73.37883	19.9806	463.663757324
73.39683	19.9806	416.91506958
73.41483	19.9806	457.92098999
73.43283	19.9806	393.810577393
73.45083	19.9806	554.205810547
73.46883	19.9806	721.059143066
73.48683	19.9806	705.446533203
73.50483	19.9806	710.883178711
73.52283	19.9806	698.41192627
73.54083	19.9806	684.977172852
73.55883	19.9806	705.232543945
73.57683	19.9806	713.67755127
73.59483	19.9806	709.897827148
73.61283	19.9806	720.899658203
72.71283	19.9626	3.30102825165
72.73083	19.9626	0.0
72.74883	19.9626	2.41461420059
72.76683	19.9626	3.24265098572
72.78483	19.9626	8.26281452179
72.80283	19.9626	13.1940689087
72.82083	19.9626	78.4698638916
72.83883	19.9626	132.181640625
72.85683	19.9626	58.5324783325
72.87483	19.9626	52.1166267395
72.89283	19.9626	79.3111114502
72.91083	19.9626	65.5083236694
72.92883	19.9626	146.152404785
72.94683	19.9626	117.41998291
72.96483	19.9626	79.0534973145
72.98283	19.9626	85.1366195679
73.00083	19.9626	77.4790802002
73.01883	19.9626	80.0641479492
73.03683	19.9626	124.413299561
73.05483	19.9626	176.404663086
73.07283	19.9626	151.752243042
73.09083	19.9626	243.165176392
73.10883	19.9626	133.313873291
73.12683	19.9626	277.379486084
73.14483	19.9626	188.893966675
73.16283	19.9626	300.235931396
73.18083	19.9626	395.99508667
73.19883	19.9626	444.185089111
73.21683	19.9626	444.117675781
73.23483	19.9626	401.401672363
73.25283	19.9626	382.627532959
73.27083	19.9626	339.746612549
73.28883	19.9626	253.056152344
73.30683	19.9626	237.677230835
73.32483	19.9626	283.431304932
73.34283	19.9626	381.28302002
73.36083	19.9626	325.324035645
73.37883	19.9626	373.805664062
73.39683	19.9626	390.398956299
73.41483	19.9626	413.50668335
73.43283	19.9626	494.379699707
73.45083	19.9626	642.090148926
73.46883	19.9626	699.85748291
73.48683	19.9626	706.016723633
73.50483	19.9626	697.59387207
73.52283	19.9626	710.744689941
73.54083	19.9626	723.789001465
73.55883	19.9626	700.478393555
73.57683	19.9626	772.022705078
73.59483	19.9626	743.281433105
73.61283	19.9626	701.285705566
72.71283	19.9446	8.92337703705
72.73083	19.9446	0.977833151817
72.74883	19.9446	1.0
72.76683	19.9446	1.07784950733
72.78483	19.9446	14.1752386093
72.80283	19.9446	33.9203529358
72.82083	19.9446	62.6541633606
72.83883	19.9446	25.7977714539
72.85683	19.9446	30.6015796661
72.87483	19.9446	58.1309051514
72.89283	19.9446	77.4704971313
72.91083	19.9446	138.408950806
72.92883	19.9446	80.6466293335
72.94683	19.9446	76.5423355103
72.96483	19.9446	65.9489135742
72.98283	19.9446	73.1849365234
73.00083	19.9446	70.5709838867
73.01883	19.9446	83.8615112305
73.03683	19.9446	144.073272705
73.05483	19.9446	109.639076233
73.07283	19.9446	113.252586365
73.09083	19.9446	140.294067383
73.10883	19.9446	131.895126343
73.12683	19.9446	152.050628662
73.14483	19.9446	227.762619019
73.16283	19.9446	217.684768677
73.18083	19.9446	267.248718262
73.19883	19.9446	399.63494873
73.21683	19.9446	450.587219238
73.23483	19.9446	452.319000244
73.25283	19.9446	342.288757324
73.27083	19.9446	352.569610596
73.28883	19.9446	337.336486816
73.30683	19.9446	393.45111084
73.32483	19.9446	264.69644165
73.34283	19.9446	392.217926025
73.36083	19.9446	397.219451904
73.37883	19.9446	401.189575195
73.39683	19.9446	387.168182373
73.41483	19.9446	435.329956055
73.43283	19.9446	457.58392334
73.45083	19.9446	604.2578125
73.46883	19.9446	616.998840332
73.48683	19.9446	721.982116699
73.50483	19.9446	699.49609375
73.52283	19.9446	725.202636719
73.54083	19.9446	706.02532959
73.55883	19.9446	714.895080566
73.57683	19.9446	800.473815918
73.59483	19.9446	732.100097656
73.61283	19.9446	729.575317383
72.71283	19.9266	18.9541893005
72.73083	19.9266	3.51910400391
72.74883	19.9266	1.65758013725
72.76683	19.9266	9.86632347107
72.78483	19.9266	12.6977233887
72.80283	19.9266	29.0205440521
72.82083	19.9266	144.687698364
72.83883	19.9266	62.3247833252
72.85683	19.9266	64.6304855347
72.87483	19.9266	86.4828033447
72.89283	19.9266	56.336681366
72.91083	19.9266	133.650344849
72.92883	19.9266	68.8157653809
72.94683	19.9266	60.0108680725
72.96483	19.9266	55.9501457214
72.98283	19.9266	60.5421943665
73.00083	19.9266	65.5204925537
73.01883	19.9266	82.5120620728
73.03683	19.9266	82.3422775269
73.05483	19.9266	83.917388916
73.07283	19.9266	106.0
73.09083	19.9266	116.421943665
73.10883	19.9266	122.07988739
73.12683	19.9266	179.766738892
73.14483	19.9266	186.58782959
73.16283	19.9266	200.771820068
73.18083	19.9266	409.226074219
73.19883	19.9266	274.122039795
73.21683	19.9266	385.489196777
73.23483	19.9266	445.051483154
73.25283	19.9266	403.261444092
73.27083	19.9266	422.839233398
73.28883	19.9266	422.618682861
73.30683	19.9266	390.078765869
73.32483	19.9266	280.618591309
73.34283	19.9266	370.068634033
73.36083	19.9266	424.808410645
73.37883	19.9266	411.903839111
73.39683	19.9266	448.241607666
73.41483	19.9266	614.73626709
73.43283	19.9266	687.428344727
73.45083	19.9266	687.53729248
73.46883	19.9266	703.67401123
73.48683	19.9266	724.186157227
73.50483	19.9266	711.51373291
73.52283	19.9266	762.832580566
73.54083	19.9266	744.733093262
73.55883	19.9266	794.582519531
73.57683	19.9266	883.785400391
73.59483	19.9266	877.401306152
73.61283	19.9266	790.057678223
72.71283	19.9086	16.4678611755
72.73083	19.9086	7.94812822342
72.74883	19.9086	11.3252477646
72.76683	19.9086	3.37747693062
72.78483	19.9086	13.5913171768
72.80283	19.9086	24.1940288544
72.82083	19.9086	45.1020851135
72.83883	19.9086	74.7567596436
72.85683	19.9086	33.4494400024
72.87483	19.9086	43.0007133484
72.89283	19.9086	47.999786377
72.91083	19.9086	128.158096313
72.92883	19.9086	44.3070106506
72.94683	19.9086	50.4786567688
72.96483	19.9086	57.2063789368
72.98283	19.9086	63.9499397278
73.00083	19.9086	101.02721405
73.01883	19.9086	90.2716598511
73.03683	19.9086	88.5928268433
73.05483	19.9086	132.42199707
73.07283	19.9086	123.151794434
73.09083	19.9086	131.71005249
73.10883	19.9086	117.549362183
73.12683	19.9086	156.331039429
73.14483	19.9086	392.363525391
73.16283	19.9086	277.250030518
73.18083	19.9086	304.70123291
73.19883	19.9086	430.567871094
73.21683	19.9086	381.681762695
73.23483	19.9086	354.665039062
73.25283	19.9086	421.656219482
73.27083	19.9086	355.426086426
73.28883	19.9086	448.189422607
73.30683	19.9086	357.526885986
73.32483	19.9086	370.094970703
73.34283	19.9086	346.097137451
73.36083	19.9086	366.904876709
73.37883	19.9086	398.667358398
73.39683	19.9086	416.000244141
73.41483	19.9086	597.342590332
73.43283	19.9086	863.617797852
73.45083	19.9086	849.389282227
73.46883	19.9086	851.732910156
73.48683	19.9086	862.379211426
73.50483	19.9086	817.329406738
73.52283	19.9086	833.151611328
73.54083	19.9086	774.28314209
73.55883	19.9086	703.051208496
73.57683	19.9086	857.699829102
73.59483	19.9086	705.760803223
73.61283	19.9086	767.733886719
72.71283	19.8906	14.4802560806
72.73083	19.8906	18.298368454
72.74883	19.8906	13.3254613876
72.76683	19.8906	6.60116052628
72.78483	19.8906	13.5040416718
72.80283	19.8906	22.1927375793
72.82083	19.8906	62.5680122375
72.83883	19.8906	38.39635849
72.85683	19.8906	128.245666504
72.87483	19.8906	99.4124832153
72.89283	19.8906	172.124328613
72.91083	19.8906	44.334186554
72.92883	19.8906	42.6245880127
72.94683	19.8906	52.111618042
72.96483	19.8906	49.6852493286
72.98283	19.8906	60.5215568542
73.00083	19.8906	133.452667236
73.01883	19.8906	96.2953033447
73.03683	19.8906	115.384231567
73.05483	19.8906	147.17074585
73.07283	19.8906	151.275283813
73.09083	19.8906	138.668869019
73.10883	19.8906	180.896362305
73.12683	19.8906	223.377929688
73.14483	19.8906	287.554382324
73.16283	19.8906	289.183166504
73.18083	19.8906	354.973754883
73.19883	19.8906	398.172363281
73.21683	19.8906	325.574432373
73.23483	19.8906	310.539459229
73.25283	19.8906	338.972625732
73.27083	19.8906	295.106628418
73.28883	19.8906	383.699554443
73.30683	19.8906	372.028778076
73.32483	19.8906	441.564178467
73.34283	19.8906	370.696929932
73.36083	19.8906	400.455871582
73.37883	19.8906	448.905548096
73.39683	19.8906	437.307312012
73.41483	19.8906	475.956207275
73.43283	19.8906	730.650512695
73.45083	19.8906	616.314697266
73.46883	19.8906	764.670654297
73.48683	19.8906	658.194213867
73.50483	19.8906	668.29888916
73.52283	19.8906	772.747009277
73.54083	19.8906	625.355285645
73.55883	19.8906	780.37109375
73.57683	19.8906	1003.57098389
73.59483	19.8906	765.9453125
73.61283	19.8906	799.87097168
72.71283	19.8726	8.1520357132
72.73083	19.8726	12.9778556824
72.74883	19.8726	11.9070138931
72.76683	19.8726	14.0514564514
72.78483	19.8726	11.4285869598
72.80283	19.8726	18.5714130402
72.82083	19.8726	88.2400131226
72.83883	19.8726	28.9591255188
72.85683	19.8726	43.5690040588
72.87483	19.8726	199.960479736
72.89283	19.8726	45.864440918
72.91083	19.8726	35.2374191284
72.92883	19.8726	42.5714149475
72.94683	19.8726	59.7183456421
72.96483	19.8726	65.6646575928
72.98283	19.8726	61.6002540588
73.00083	19.8726	77.5653915405
73.01883	19.8726	119.337905884
73.03683	19.8726	140.265457153
73.05483	19.8726	154.054367065
73.07283	19.8726	99.5275497437
73.09083	19.8726	90.9142837524
73.10883	19.8726	119.215324402
73.12683	19.8726	145.758850098
73.14483	19.8726	233.397720337
73.16283	19.8726	210.18927002
73.18083	19.8726	293.808227539
73.19883	19.8726	355.425170898
73.21683	19.8726	298.555999756
73.23483	19.8726	259.348175049
73.25283	19.8726	244.220275879
73.27083	19.8726	298.85534668
73.28883	19.8726	325.687225342
73.30683	19.8726	350.45703125
73.32483	19.8726	372.890686035
73.34283	19.8726	426.60546875
73.36083	19.8726	388.928771973
73.37883	19.8726	413.475830078
73.39683	19.8726	433.712341309
73.41483	19.8726	541.186584473
73.43283	19.8726	653.144165039
73.45083	19.8726	619.95135498
73.46883	19.8726	660.933959961
73.48683	19.8726	629.97088623
73.50483	19.8726	609.525756836
73.52283	19.8726	629.594238281
73.54083	19.8726	644.237365723
73.55883	19.8726	701.537902832
73.57683	19.8726	644.452941895
73.59483	19.8726	752.163146973
73.61283	19.8726	745.023254395
72.71283	19.8546	17.0
72.73083	19.8546	16.0184459686
72.74883	19.8546	17.2337703705
72.76683	19.8546	15.885477066
72.78483	19.8546	11.7654829025
72.80283	19.8546	17.4853229523
72.82083	19.8546	71.9700927734
72.83883	19.8546	25.4082565308
72.85683	19.8546	32.4519424438
72.87483	19.8546	32.4771385193
72.89283	19.8546	31.3295536041
72.91083	19.8546	58.7043380737
72.92883	19.8546	41.0877151489
72.94683	19.8546	50.7562866211
72.96483	19.8546	130.254867554
72.98283	19.8546	222.498504639
73.00083	19.8546	86.5559692383
73.01883	19.8546	105.749336243
73.03683	19.8546	103.599784851
73.05483	19.8546	96.4142532349
73.07283	19.8546	78.0297622681
73.09083	19.8546	71.6246185303
73.10883	19.8546	89.4328765869
73.12683	19.8546	119.308502197
73.14483	19.8546	149.884262085
73.16283	19.8546	179.338302612
73.18083	19.8546	262.536407471
73.19883	19.8546	210.883895874
73.21683	19.8546	402.759643555
73.23483	19.8546	317.660705566
73.25283	19.8546	317.191070557
73.27083	19.8546	274.579162598
73.28883	19.8546	333.638702393
73.30683	19.8546	394.572601318
73.32483	19.8546	404.141296387
73.34283	19.8546	364.308959961
73.36083	19.8546	288.568969727
73.37883	19.8546	384.191833496
73.39683	19.8546	402.047821045
73.41483	19.8546	430.699951172
73.43283	19.8546	621.983520508
73.45083	19.8546	630.881347656
73.46883	19.8546	602.16619873
73.48683	19.8546	635.949829102
73.50483	19.8546	688.587036133
73.52283	19.8546	626.221252441
73.54083	19.8546	704.767028809
73.55883	19.8546	836.146240234
73.57683	19.8546	639.45526123
73.59483	19.8546	625.112915039
73.61283	19.8546	639.491577148
72.71283	19.8366	19.3419589996
72.73083	19.8366	7.23858308792
72.74883	19.8366	13.6946563721
72.76683	19.8366	10.985704422
72.78483	19.8366	24.5915298462
72.80283	19.8366	20.9485435486
72.82083	19.8366	130.345977783
72.83883	19.8366	23.2347297668
72.85683	19.8366	28.463640213
72.87483	19.8366	57.8510284424
72.89283	19.8366	38.2093200684
72.91083	19.8366	142.197891235
72.92883	19.8366	246.814712524
72.94683	19.8366	72.261932373
72.96483	19.8366	77.5212783813
72.98283	19.8366	138.903701782
73.00083	19.8366	150.597076416
73.01883	19.8366	120.921791077
73.03683	19.8366	87.6274795532
73.05483	19.8366	78.7371826172
73.07283	19.8366	100.644241333
73.09083	19.8366	67.7973709106
73.10883	19.8366	98.6472320557
73.12683	19.8366	101.945747375
73.14483	19.8366	132.184432983
73.16283	19.8366	152.855682373
73.18083	19.8366	211.256057739
73.19883	19.8366	194.832015991
73.21683	19.8366	246.189498901
73.23483	19.8366	379.785858154
73.25283	19.8366	383.949188232
73.27083	19.8366	325.375305176
73.28883	19.8366	338.737335205
73.30683	19.8366	364.69418335
73.32483	19.8366	349.2684021
73.34283	19.8366	256.38293457
73.36083	19.8366	317.933135986
73.37883	19.8366	380.66696167
73.39683	19.8366	369.492431641
73.41483	19.8366	394.200927734
73.43283	19.8366	605.323181152
73.45083	19.8366	603.304382324
73.46883	19.8366	599.824829102
73.48683	19.8366	599.0
73.50483	19.8366	608.47869873
73.52283	19.8366	599.0
73.54083	19.8366	623.677124023
73.55883	19.8366	616.840698242
73.57683	19.8366	654.541687012
73.59483	19.8366	619.699401855
73.61283	19.8366	594.389221191
72.71283	19.8186	2.96641373634
72.73083	19.8186	11.8966617584
72.74883	19.8186	11.0
72.76683	19.8186	19.143573761
72.78483	19.8186	26.4773979187
72.80283	19.8186	24.2884883881
72.82083	19.8186	34.192111969
72.83883	19.8186	17.6934833527
72.85683	19.8186	31.449131012
72.87483	19.8186	408.9324646
72.89283	19.8186	84.6050109863
72.91083	19.8186	115.764099121
72.92883	19.8186	280.179748535
72.94683	19.8186	101.279258728
72.96483	19.8186	100.110946655
72.98283	19.8186	54.8497924805
73.00083	19.8186	61.4677772522
73.01883	19.8186	59.6584854126
73.03683	19.8186	63.26329422
73.05483	19.8186	72.0717849731
73.07283	19.8186	69.027923584
73.09083	19.8186	53.2363319397
73.10883	19.8186	63.0267524719
73.12683	19.8186	75.3496704102
73.14483	19.8186	98.3298950195
73.16283	19.8186	139.950363159
73.18083	19.8186	163.183563232
73.19883	19.8186	192.053390503
73.21683	19.8186	246.483688354
73.23483	19.8186	177.013656616
73.25283	19.8186	314.460906982
73.27083	19.8186	305.520568848
73.28883	19.8186	316.673858643
73.30683	19.8186	205.42237854
73.32483	19.8186	205.73777771
73.34283	19.8186	214.397644043
73.36083	19.8186	270.725341797
73.37883	19.8186	246.07220459
73.39683	19.8186	341.265289307
73.41483	19.8186	357.313659668
73.43283	19.8186	379.707275391
73.45083	19.8186	599.989196777
73.46883	19.8186	665.174499512
73.48683	19.8186	614.490661621
73.50483	19.8186	594.844604492
73.52283	19.8186	599.0
73.54083	19.8186	599.0
73.55883	19.8186	599.0
73.57683	19.8186	601.901306152
73.59483	19.8186	607.911010742
73.61283	19.8186	597.379272461
72.71283	19.8006	3.47611045837
72.73083	19.8006	11.3686494827
72.74883	19.8006	13.5976543427
72.76683	19.8006	9.24573898315
72.78483	19.8006	10.1501312256
72.80283	19.8006	20.4276275635
72.82083	19.8006	31.6366844177
72.83883	19.8006	12.5723733902
72.85683	19.8006	40.6885032654
72.87483	19.8006	66.5647964478
72.89283	19.8006	67.5525665283
72.91083	19.8006	57.4536170959
72.92883	19.8006	212.510940552
72.94683	19.8006	452.220947266
72.96483	19.8006	234.778671265
72.98283	19.8006	46.3576660156
73.00083	19.8006	41.8781433105
73.01883	19.8006	59.4580612183
73.03683	19.8006	57.8835601807
73.05483	19.8006	45.3288764954
73.07283	19.8006	54.0375862122
73.09083	19.8006	54.7636680603
73.10883	19.8006	70.0124435425
73.12683	19.8006	89.9085617065
73.14483	19.8006	96.7335891724
73.16283	19.8006	163.897277832
73.18083	19.8006	185.308334351
73.19883	19.8006	194.36895752
73.21683	19.8006	218.488555908
73.23483	19.8006	109.827270508
73.25283	19.8006	141.743789673
73.27083	19.8006	217.429992676
73.28883	19.8006	145.58454895
73.30683	19.8006	283.588897705
73.32483	19.8006	163.174636841
73.34283	19.8006	256.823791504
73.36083	19.8006	288.858764648
73.37883	19.8006	262.100830078
73.39683	19.8006	353.096221924
73.41483	19.8006	454.544494629
73.43283	19.8006	548.444091797
73.45083	19.8006	600.765319824
73.46883	19.8006	574.189819336
73.48683	19.8006	580.815002441
73.50483	19.8006	592.43371582
73.52283	19.8006	600.784729004
73.54083	19.8006	621.30255127
73.55883	19.8006	601.015991211
73.57683	19.8006	610.359191895
73.59483	19.8006	595.721435547
73.61283	19.8006	585.0
72.71283	19.7826	9.53213882446
72.73083	19.7826	10.5253391266
72.74883	19.7826	7.4181432724
72.76683	19.7826	5.87771749496
72.78483	19.7826	9.59153079987
72.80283	19.7826	18.5965614319
72.82083	19.7826	30.4689044952
72.83883	19.7826	10.6477661133
72.85683	19.7826	13.9994726181
72.87483	19.7826	42.0117607117
72.89283	19.7826	35.0575866699
72.91083	19.7826	37.0911560059
72.92883	19.7826	192.203063965
72.94683	19.7826	377.934387207
72.96483	19.7826	68.3956832886
72.98283	19.7826	45.0488967896
73.00083	19.7826	33.6703567505
73.01883	19.7826	56.5160942078
73.03683	19.7826	44.9062843323
73.05483	19.7826	57.1915206909
73.07283	19.7826	42.5554008484
73.09083	19.7826	46.7369155884
73.10883	19.7826	71.2737808228
73.12683	19.7826	79.4982376099
73.14483	19.7826	95.8807067871
73.16283	19.7826	92.2657012939
73.18083	19.7826	94.8455657959
73.19883	19.7826	76.6696014404
73.21683	19.7826	120.539573669
73.23483	19.7826	241.002410889
73.25283	19.7826	123.828285217
73.27083	19.7826	168.638504028
73.28883	19.7826	184.746688843
73.30683	19.7826	466.019561768
73.32483	19.7826	234.203018188
73.34283	19.7826	271.704772949
73.36083	19.7826	362.555908203
73.37883	19.7826	349.15713501
73.39683	19.7826	395.971221924
73.41483	19.7826	427.047607422
73.43283	19.7826	483.526794434
73.45083	19.7826	519.208984375
73.46883	19.7826	564.304870605
73.48683	19.7826	377.896606445
73.50483	19.7826	574.081542969
73.52283	19.7826	727.475585938
73.54083	19.7826	638.497070312
73.55883	19.7826	640.754760742
73.57683	19.7826	640.870849609
73.59483	19.7826	626.283447266
73.61283	19.7826	637.864074707
72.71283	19.7646	6.19023609161
72.73083	19.7646	1.10333871841
72.74883	19.7646	9.55225563049
72.76683	19.7646	8.42997360229
72.78483	19.7646	11.7079496384
72.80283	19.7646	31.3268470764
72.82083	19.7646	66.4406738281
72.83883	19.7646	27.1894187927
72.85683	19.7646	15.5771389008
72.87483	19.7646	177.250808716
72.89283	19.7646	20.2737350464
72.91083	19.7646	19.3113288879
72.92883	19.7646	84.4190368652
72.94683	19.7646	299.61428833
72.96483	19.7646	45.5700263977
72.98283	19.7646	51.1991462708
73.00083	19.7646	25.9293422699
73.01883	19.7646	59.8638076782
73.03683	19.7646	34.6918830872
73.05483	19.7646	44.0999259949
73.07283	19.7646	42.7650985718
73.09083	19.7646	71.9459762573
73.10883	19.7646	75.3571014404
73.12683	19.7646	84.4257049561
73.14483	19.7646	107.189453125
73.16283	19.7646	62.8356895447
73.18083	19.7646	69.6579055786
73.19883	19.7646	80.0798034668
73.21683	19.7646	211.689605713
73.23483	19.7646	159.319213867
73.25283	19.7646	235.295288086
73.27083	19.7646	294.878875732
73.28883	19.7646	455.314300537
73.30683	19.7646	235.724227905
73.32483	19.7646	505.883789062
73.34283	19.7646	507.206451416
73.36083	19.7646	411.86517334
73.37883	19.7646	392.288726807
73.39683	19.7646	401.797912598
73.41483	19.7646	368.021911621
73.43283	19.7646	432.400939941
73.45083	19.7646	477.450469971
73.46883	19.7646	406.054595947
73.48683	19.7646	528.235351562
73.50483	19.7646	504.456359863
73.52283	19.7646	578.416015625
73.54083	19.7646	648.215332031
73.55883	19.7646	684.280334473
73.57683	19.7646	623.821411133
73.59483	19.7646	681.459228516
73.61283	19.7646	669.615112305
72.71283	19.7466	0.0
72.73083	19.7466	0.98105597496
72.74883	19.7466	1.01149094105
72.76683	19.7466	9.60551643372
72.78483	19.7466	21.0000648499
72.80283	19.7466	164.916946411
72.82083	19.7466	236.701522827
72.83883	19.7466	24.0642986298
72.85683	19.7466	17.0
72.87483	19.7466	111.909255981
72.89283	19.7466	17.1220684052
72.91083	19.7466	12.5024900436
72.92883	19.7466	36.4633293152
72.94683	19.7466	85.4863815308
72.96483	19.7466	30.4583244324
72.98283	19.7466	27.1877613068
73.00083	19.7466	33.5288963318
73.01883	19.7466	49.6041412354
73.03683	19.7466	27.5799789429
73.05483	19.7466	40.4680557251
73.07283	19.7466	37.9513168335
73.09083	19.7466	55.3147468567
73.10883	19.7466	76.0169448853
73.12683	19.7466	95.7682800293
73.14483	19.7466	68.2753067017
73.16283	19.7466	62.3351898193
73.18083	19.7466	63.1671028137
73.19883	19.7466	67.045463562
73.21683	19.7466	106.018112183
73.23483	19.7466	119.971008301
73.25283	19.7466	121.674171448
73.27083	19.7466	218.586853027
73.28883	19.7466	260.053253174
73.30683	19.7466	219.022613525
73.32483	19.7466	230.553344727
73.34283	19.7466	491.828918457
73.36083	19.7466	409.315887451
73.37883	19.7466	302.643554688
73.39683	19.7466	374.279418945
73.41483	19.7466	421.951690674
73.43283	19.7466	377.325683594
73.45083	19.7466	402.581420898
73.46883	19.7466	361.947296143
73.48683	19.7466	388.680541992
73.50483	19.7466	330.899261475
73.52283	19.7466	488.421020508
73.54083	19.7466	715.743896484
73.55883	19.7466	649.672363281
73.57683	19.7466	626.407531738
73.59483	19.7466	593.51184082
73.61283	19.7466	598.402648926
72.71283	19.7286	0.0
72.73083	19.7286	9.99257087708
72.74883	19.7286	11.8562135696
72.76683	19.7286	8.78959560394
72.78483	19.7286	17.3626899719
72.80283	19.7286	16.4959793091
72.82083	19.7286	193.19241333
72.83883	19.7286	19.4248542786
72.85683	19.7286	15.0420484543
72.87483	19.7286	171.709518433
72.89283	19.7286	54.0955734253
72.91083	19.7286	17.9591255188
72.92883	19.7286	13.4946212769
72.94683	19.7286	14.8888835907
72.96483	19.7286	13.9619731903
72.98283	19.7286	24.1938552856
73.00083	19.7286	26.1201572418
73.01883	19.7286	24.2349433899
73.03683	19.7286	26.2022895813
73.05483	19.7286	35.3085823059
73.07283	19.7286	43.9592933655
73.09083	19.7286	52.380115509
73.10883	19.7286	63.7605133057
73.12683	19.7286	68.0910263062
73.14483	19.7286	49.1423377991
73.16283	19.7286	55.6184959412
73.18083	19.7286	99.9422836304
73.19883	19.7286	71.1827087402
73.21683	19.7286	79.1895751953
73.23483	19.7286	89.8332214355
73.25283	19.7286	109.165931702
73.27083	19.7286	172.363708496
73.28883	19.7286	244.913635254
73.30683	19.7286	215.268051147
73.32483	19.7286	176.883651733
73.34283	19.7286	279.570892334
73.36083	19.7286	491.257446289
73.37883	19.7286	454.836090088
73.39683	19.7286	431.838653564
73.41483	19.7286	439.603851318
73.43283	19.7286	342.705780029
73.45083	19.7286	350.26348877
73.46883	19.7286	346.177581787
73.48683	19.7286	288.908294678
73.50483	19.7286	367.143432617
73.52283	19.7286	414.672515869
73.54083	19.7286	694.141967773
73.55883	19.7286	593.620605469
73.57683	19.7286	603.59375
73.59483	19.7286	593.09576416
73.61283	19.7286	594.635742188
72.71283	19.7106	15.5289535522
72.73083	19.7106	0.0
72.74883	19.7106	9.0838508606
72.76683	19.7106	13.0727672577
72.78483	19.7106	17.7378387451
72.80283	19.7106	33.0194740295
72.82083	19.7106	138.524627686
72.83883	19.7106	34.4626617432
72.85683	19.7106	25.6269607544
72.87483	19.7106	21.1848258972
72.89283	19.7106	12.0475091934
72.91083	19.7106	18.5401287079
72.92883	19.7106	9.55505084991
72.94683	19.7106	8.47886943817
72.96483	19.7106	17.5847911835
72.98283	19.7106	17.050069809
73.00083	19.7106	22.0883865356
73.01883	19.7106	23.0400161743
73.03683	19.7106	43.4031715393
73.05483	19.7106	46.9732475281
73.07283	19.7106	53.9921455383
73.09083	19.7106	48.2363319397
73.10883	19.7106	52.9544029236
73.12683	19.7106	48.4268913269
73.14483	19.7106	56.5185852051
73.16283	19.7106	82.507232666
73.18083	19.7106	87.385055542
73.19883	19.7106	93.500038147
73.21683	19.7106	110.495018005
73.23483	19.7106	139.515899658
73.25283	19.7106	130.061676025
73.27083	19.7106	132.450042725
73.28883	19.7106	142.780761719
73.30683	19.7106	162.717819214
73.32483	19.7106	261.800811768
73.34283	19.7106	380.171203613
73.36083	19.7106	373.235809326
73.37883	19.7106	430.935699463
73.39683	19.7106	320.709686279
73.41483	19.7106	269.470977783
73.43283	19.7106	226.268280029
73.45083	19.7106	344.993041992
73.46883	19.7106	373.632873535
73.48683	19.7106	373.540893555
73.50483	19.7106	387.607574463
73.52283	19.7106	590.331359863
73.54083	19.7106	577.803710938
73.55883	19.7106	822.960205078
73.57683	19.7106	657.68157959
73.59483	19.7106	672.981384277
73.61283	19.7106	578.649536133
72.71283	19.6926	11.8552742004
72.73083	19.6926	10.4913320541
72.74883	19.6926	9.0
72.76683	19.6926	16.929233551
72.78483	19.6926	19.1048183441
72.80283	19.6926	78.2606582642
72.82083	19.6926	271.163879395
72.83883	19.6926	22.0582790375
72.85683	19.6926	2.56563901901
72.87483	19.6926	15.7110147476
72.89283	19.6926	20.485212326
72.91083	19.6926	8.70440578461
72.92883	19.6926	20.9238471985
72.94683	19.6926	17.0603237152
72.96483	19.6926	131.691925049
72.98283	19.6926	48.5011177063
73.00083	19.6926	55.4031143188
73.01883	19.6926	37.7574615479
73.03683	19.6926	59.8286628723
73.05483	19.6926	67.9054107666
73.07283	19.6926	48.9561386108
73.09083	19.6926	46.1353187561
73.10883	19.6926	44.2580833435
73.12683	19.6926	43.1385192871
73.14483	19.6926	50.8897209167
73.16283	19.6926	50.5188026428
73.18083	19.6926	84.7036819458
73.19883	19.6926	105.160888672
73.21683	19.6926	165.164505005
73.23483	19.6926	166.496826172
73.25283	19.6926	174.675292969
73.27083	19.6926	174.230056763
73.28883	19.6926	232.683853149
73.30683	19.6926	290.463256836
73.32483	19.6926	257.575500488
73.34283	19.6926	138.290344238
73.36083	19.6926	204.05291748
73.37883	19.6926	213.0
73.39683	19.6926	225.334854126
73.41483	19.6926	465.582305908
73.43283	19.6926	537.346984863
73.45083	19.6926	532.155029297
73.46883	19.6926	540.481872559
73.48683	19.6926	435.877960205
73.50483	19.6926	525.996459961
73.52283	19.6926	529.439208984
73.54083	19.6926	584.33782959
73.55883	19.6926	586.34173584
73.57683	19.6926	582.452514648
73.59483	19.6926	577.0
73.61283	19.6926	578.026489258
72.71283	19.6746	9.05305576324
72.73083	19.6746	9.78698635101
72.74883	19.6746	9.0
72.76683	19.6746	9.5739736557
72.78483	19.6746	15.7745923996
72.80283	19.6746	31.5705223083
72.82083	19.6746	274.658050537
72.83883	19.6746	31.6845302582
72.85683	19.6746	2.65260791779
72.87483	19.6746	15.7079105377
72.89283	19.6746	5.41821289062
72.91083	19.6746	32.3133850098
72.92883	19.6746	281.345611572
72.94683	19.6746	12.5460367203
72.96483	19.6746	34.7355308533
72.98283	19.6746	310.552001953
73.00083	19.6746	93.4061279297
73.01883	19.6746	41.5072174072
73.03683	19.6746	34.619884491
73.05483	19.6746	51.8280754089
73.07283	19.6746	42.2083435059
73.09083	19.6746	27.2093067169
73.10883	19.6746	51.9014625549
73.12683	19.6746	70.9015960693
73.14483	19.6746	78.027923584
73.16283	19.6746	64.7130661011
73.18083	19.6746	73.4490203857
73.19883	19.6746	90.4414901733
73.21683	19.6746	78.8474960327
73.23483	19.6746	109.667564392
73.25283	19.6746	83.7042388916
73.27083	19.6746	149.964675903
73.28883	19.6746	170.870513916
73.30683	19.6746	137.295425415
73.32483	19.6746	172.187820435
73.34283	19.6746	270.464477539
73.36083	19.6746	148.013305664
73.37883	19.6746	196.815109253
73.39683	19.6746	236.261230469
73.41483	19.6746	375.886871338
73.43283	19.6746	445.291870117
73.45083	19.6746	534.153015137
73.46883	19.6746	395.312072754
73.48683	19.6746	369.653625488
73.50483	19.6746	338.249938965
73.52283	19.6746	308.482574463
73.54083	19.6746	598.063964844
73.55883	19.6746	604.240661621
73.57683	19.6746	578.772583008
73.59483	19.6746	704.76739502
73.61283	19.6746	605.642822266
72.71283	19.6566	9.80126094818
72.73083	19.6566	8.89541816711
72.74883	19.6566	9.16273021698
72.76683	19.6566	12.6228694916
72.78483	19.6566	11.1858348846
72.80283	19.6566	22.6132488251
72.82083	19.6566	267.903198242
72.83883	19.6566	28.6635456085
72.85683	19.6566	2.5514922142
72.87483	19.6566	6.99861335754
72.89283	19.6566	3.99844408035
72.91083	19.6566	55.1736946106
72.92883	19.6566	197.635116577
72.94683	19.6566	21.477481842
72.96483	19.6566	19.2603092194
72.98283	19.6566	71.6884231567
73.00083	19.6566	130.520797729
73.01883	19.6566	29.5154476166
73.03683	19.6566	33.593952179
73.05483	19.6566	143.411270142
73.07283	19.6566	35.0191879272
73.09083	19.6566	35.2352714539
73.10883	19.6566	40.4521179199
73.12683	19.6566	44.3344039917
73.14483	19.6566	55.6373710632
73.16283	19.6566	52.0951881409
73.18083	19.6566	50.3018264771
73.19883	19.6566	75.6038818359
73.21683	19.6566	61.2618484497
73.23483	19.6566	82.0816192627
73.25283	19.6566	71.3309326172
73.27083	19.6566	132.79637146
73.28883	19.6566	154.186691284
73.30683	19.6566	187.383987427
73.32483	19.6566	151.062286377
73.34283	19.6566	250.527572632
73.36083	19.6566	277.552734375
73.37883	19.6566	234.329650879
73.39683	19.6566	244.121154785
73.41483	19.6566	289.403594971
73.43283	19.6566	331.750915527
73.45083	19.6566	354.474273682
73.46883	19.6566	308.956359863
73.48683	19.6566	289.812591553
73.50483	19.6566	260.659759521
73.52283	19.6566	337.894805908
73.54083	19.6566	548.531066895
73.55883	19.6566	622.83770752
73.57683	19.6566	583.000061035
73.59483	19.6566	707.569580078
73.61283	19.6566	855.910461426
72.71283	19.6386	0.0
72.73083	19.6386	13.307975769
72.74883	19.6386	5.964884758
72.76683	19.6386	4.53847455978
72.78483	19.6386	6.02310419083
72.80283	19.6386	15.5684270859
72.82083	19.6386	38.8089294434
72.83883	19.6386	57.3896827698
72.85683	19.6386	0.0969164073467
72.87483	19.6386	8.14318084717
72.89283	19.6386	10.8779306412
72.91083	19.6386	12.4004478455
72.92883	19.6386	37.5684280396
72.94683	19.6386	218.911117554
72.96483	19.6386	15.3131523132
72.98283	19.6386	15.5291614532
73.00083	19.6386	33.7467727661
73.01883	19.6386	24.2157859802
73.03683	19.6386	29.0877971649
73.05483	19.6386	58.1094055176
73.07283	19.6386	28.2110538483
73.09083	19.6386	35.0
73.10883	19.6386	38.0972633362
73.12683	19.6386	39.5216026306
73.14483	19.6386	48.7582168579
73.16283	19.6386	46.0736618042
73.18083	19.6386	63.7176780701
73.19883	19.6386	69.4195098877
73.21683	19.6386	58.9529190063
73.23483	19.6386	76.0883865356
73.25283	19.6386	115.542259216
73.27083	19.6386	178.729431152
73.28883	19.6386	179.011322021
73.30683	19.6386	217.17906189
73.32483	19.6386	205.913513184
73.34283	19.6386	193.554794312
73.36083	19.6386	248.57522583
73.37883	19.6386	265.568969727
73.39683	19.6386	300.995361328
73.41483	19.6386	327.759490967
73.43283	19.6386	347.59954834
73.45083	19.6386	318.813751221
73.46883	19.6386	276.556732178
73.48683	19.6386	280.649963379
73.50483	19.6386	227.247711182
73.52283	19.6386	347.215759277
73.54083	19.6386	340.06741333
73.55883	19.6386	512.681884766
73.57683	19.6386	590.25177002
73.59483	19.6386	590.239501953
73.61283	19.6386	782.559570312
72.71283	19.6206	-0.391859143972
72.73083	19.6206	11.4079589844
72.74883	19.6206	1.23273527622
72.76683	19.6206	0.592024743557
72.78483	19.6206	5.82428216934
72.80283	19.6206	10.7224445343
72.82083	19.6206	37.5261611938
72.83883	19.6206	404.406341553
72.85683	19.6206	5.82573413849
72.87483	19.6206	4.66353082657
72.89283	19.6206	150.106491089
72.91083	19.6206	23.6575050354
72.92883	19.6206	29.6696109772
72.94683	19.6206	39.0
72.96483	19.6206	58.5623893738
72.98283	19.6206	44.9595985413
73.00083	19.6206	10.7341442108
73.01883	19.6206	34.5879898071
73.03683	19.6206	18.9785175323
73.05483	19.6206	28.8572921753
73.07283	19.6206	34.8290100098
73.09083	19.6206	32.4844169617
73.10883	19.6206	37.1938972473
73.12683	19.6206	45.616569519
73.14483	19.6206	63.4470062256
73.16283	19.6206	65.5003051758
73.18083	19.6206	70.5520401001
73.19883	19.6206	75.6566772461
73.21683	19.6206	65.9734573364
73.23483	19.6206	125.712005615
73.25283	19.6206	183.014480591
73.27083	19.6206	166.859527588
73.28883	19.6206	230.702636719
73.30683	19.6206	267.222930908
73.32483	19.6206	295.994995117
73.34283	19.6206	245.109313965
73.36083	19.6206	226.09703064
73.37883	19.6206	264.272247314
73.39683	19.6206	242.899795532
73.41483	19.6206	267.646606445
73.43283	19.6206	254.36706543
73.45083	19.6206	236.373397827
73.46883	19.6206	258.441619873
73.48683	19.6206	266.349090576
73.50483	19.6206	212.027908325
73.52283	19.6206	323.148803711
73.54083	19.6206	383.200164795
73.55883	19.6206	486.356384277
73.57683	19.6206	737.472961426
73.59483	19.6206	702.526977539
73.61283	19.6206	775.280334473
72.71283	19.6026	-0.0275825485587
72.73083	19.6026	9.24959564209
72.74883	19.6026	1.37696194649
72.76683	19.6026	2.68584561348
72.78483	19.6026	2.21023797989
72.80283	19.6026	11.58573246
72.82083	19.6026	175.25831604
72.83883	19.6026	72.8851242065
72.85683	19.6026	4.48529005051
72.87483	19.6026	4.33646917343
72.89283	19.6026	49.7222099304
72.91083	19.6026	47.1051216125
72.92883	19.6026	41.7157287598
72.94683	19.6026	39.0
72.96483	19.6026	123.661308289
72.98283	19.6026	200.437561035
73.00083	19.6026	27.0
73.01883	19.6026	57.006526947
73.03683	19.6026	23.7891941071
73.05483	19.6026	30.5478820801
73.07283	19.6026	69.1795196533
73.09083	19.6026	53.1368370056
73.10883	19.6026	41.9986381531
73.12683	19.6026	42.5461120605
73.14483	19.6026	50.3125953674
73.16283	19.6026	108.667739868
73.18083	19.6026	117.652061462
73.19883	19.6026	138.520629883
73.21683	19.6026	153.419555664
73.23483	19.6026	144.596115112
73.25283	19.6026	130.303695679
73.27083	19.6026	112.801986694
73.28883	19.6026	183.290481567
73.30683	19.6026	197.021240234
73.32483	19.6026	254.734359741
73.34283	19.6026	197.524536133
73.36083	19.6026	217.809326172
73.37883	19.6026	256.251739502
73.39683	19.6026	215.985198975
73.41483	19.6026	197.11076355
73.43283	19.6026	270.213256836
73.45083	19.6026	152.21307373
73.46883	19.6026	198.076889038
73.48683	19.6026	244.019363403
73.50483	19.6026	264.564697266
73.52283	19.6026	318.119628906
73.54083	19.6026	355.548065186
73.55883	19.6026	358.837005615
73.57683	19.6026	683.644775391
73.59483	19.6026	778.285827637
73.61283	19.6026	842.006103516
72.71283	19.5846	0.0
72.73083	19.5846	11.800031662
72.74883	19.5846	19.3783760071
72.76683	19.5846	3.23611736298
72.78483	19.5846	19.424703598
72.80283	19.5846	11.0
72.82083	19.5846	46.0589027405
72.83883	19.5846	27.1405525208
72.85683	19.5846	46.5898666382
72.87483	19.5846	2.24290275574
72.89283	19.5846	25.7369174957
72.91083	19.5846	135.268585205
72.92883	19.5846	60.9567451477
72.94683	19.5846	178.316543579
72.96483	19.5846	66.1140594482
72.98283	19.5846	89.3517913818
73.00083	19.5846	75.890335083
73.01883	19.5846	31.0534057617
73.03683	19.5846	59.692489624
73.05483	19.5846	29.8942623138
73.07283	19.5846	44.0188369751
73.09083	19.5846	73.6926956177
73.10883	19.5846	68.4359436035
73.12683	19.5846	82.5195083618
73.14483	19.5846	73.6144943237
73.16283	19.5846	89.0132446289
73.18083	19.5846	82.5363006592
73.19883	19.5846	127.935211182
73.21683	19.5846	101.594116211
73.23483	19.5846	106.572563171
73.25283	19.5846	93.0
73.27083	19.5846	104.226409912
73.28883	19.5846	203.439331055
73.30683	19.5846	162.964752197
73.32483	19.5846	196.381744385
73.34283	19.5846	186.06211853
73.36083	19.5846	189.346343994
73.37883	19.5846	222.089584351
73.39683	19.5846	231.096725464
73.41483	19.5846	179.667922974
73.43283	19.5846	204.282226562
73.45083	19.5846	198.372024536
73.46883	19.5846	235.004669189
73.48683	19.5846	260.348419189
73.50483	19.5846	268.797515869
73.52283	19.5846	284.904724121
73.54083	19.5846	300.094482422
73.55883	19.5846	282.657806396
73.57683	19.5846	361.754150391
73.59483	19.5846	359.327423096
73.61283	19.5846	672.598693848
72.71283	19.5666	0.0
72.73083	19.5666	7.10333871841
72.74883	19.5666	0.926613330841
72.76683	19.5666	11.3494539261
72.78483	19.5666	8.82325077057
72.80283	19.5666	13.7467861176
72.82083	19.5666	1.21717596054
72.83883	19.5666	2.01722621918
72.85683	19.5666	48.6094894409
72.87483	19.5666	2.95130562782
72.89283	19.5666	158.900497437
72.91083	19.5666	52.4308433533
72.92883	19.5666	66.1315917969
72.94683	19.5666	311.121459961
72.96483	19.5666	347.715454102
72.98283	19.5666	139.637527466
73.00083	19.5666	250.828521729
73.01883	19.5666	48.8486480713
73.03683	19.5666	169.254302979
73.05483	19.5666	38.8291397095
73.07283	19.5666	43.0937080383
73.09083	19.5666	48.3258895874
73.10883	19.5666	70.949005127
73.12683	19.5666	111.409980774
73.14483	19.5666	81.3908081055
73.16283	19.5666	94.5587234497
73.18083	19.5666	69.1241455078
73.19883	19.5666	64.4948043823
73.21683	19.5666	58.5640258789
73.23483	19.5666	75.0969390869
73.25283	19.5666	93.0
73.27083	19.5666	93.0
73.28883	19.5666	140.909820557
73.30683	19.5666	152.50050354
73.32483	19.5666	174.61126709
73.34283	19.5666	180.964767456
73.36083	19.5666	201.397186279
73.37883	19.5666	209.770828247
73.39683	19.5666	219.313079834
73.41483	19.5666	149.340118408
73.43283	19.5666	143.271713257
73.45083	19.5666	218.61618042
73.46883	19.5666	252.892227173
73.48683	19.5666	185.053741455
73.50483	19.5666	249.275146484
73.52283	19.5666	243.870803833
73.54083	19.5666	266.421234131
73.55883	19.5666	259.598236084
73.57683	19.5666	293.812194824
73.59483	19.5666	278.355865479
73.61283	19.5666	319.315246582
72.71283	19.5486	0.0
72.73083	19.5486	9.0
72.74883	19.5486	0.046831715852
72.76683	19.5486	0.268597483635
72.78483	19.5486	2.59153056145
72.80283	19.5486	24.5115089417
72.82083	19.5486	62.3862838745
72.83883	19.5486	0.0675523579121
72.85683	19.5486	38.7625579834
72.87483	19.5486	13.5605325699
72.89283	19.5486	0.0
72.91083	19.5486	65.7883529663
72.92883	19.5486	29.8194293976
72.94683	19.5486	102.394950867
72.96483	19.5486	117.145950317
72.98283	19.5486	71.7831192017
73.00083	19.5486	83.9778900146
73.01883	19.5486	42.0271987915
73.03683	19.5486	302.02456665
73.05483	19.5486	61.6763954163
73.07283	19.5486	45.8194999695
73.09083	19.5486	123.06060791
73.10883	19.5486	62.804977417
73.12683	19.5486	110.168251038
73.14483	19.5486	45.6491928101
73.16283	19.5486	69.7452392578
73.18083	19.5486	55.2935638428
73.19883	19.5486	59.5960388184
73.21683	19.5486	55.6261520386
73.23483	19.5486	61.2532653809
73.25283	19.5486	89.5036697388
73.27083	19.5486	93.0
73.28883	19.5486	94.8195571899
73.30683	19.5486	121.054931641
73.32483	19.5486	141.31451416
73.34283	19.5486	170.883255005
73.36083	19.5486	191.609939575
73.37883	19.5486	205.0909729
73.39683	19.5486	142.628768921
73.41483	19.5486	174.207626343
73.43283	19.5486	211.416259766
73.45083	19.5486	235.139221191
73.46883	19.5486	234.105758667
73.48683	19.5486	204.256668091
73.50483	19.5486	133.347305298
73.52283	19.5486	237.112792969
73.54083	19.5486	163.569610596
73.55883	19.5486	220.448944092
73.57683	19.5486	270.543243408
73.59483	19.5486	282.471130371
73.61283	19.5486	406.74798584
72.71283	19.5306	-0.241409882903
72.73083	19.5306	10.3687534332
72.74883	19.5306	0.0
72.76683	19.5306	0.312796682119
72.78483	19.5306	1.497813344
72.80283	19.5306	11.5021867752
72.82083	19.5306	25.0450344086
72.83883	19.5306	0.882121384144
72.85683	19.5306	3.77204346657
72.87483	19.5306	0.330314427614
72.89283	19.5306	3.86839461327
72.91083	19.5306	61.0875549316
72.92883	19.5306	38.1644744873
72.94683	19.5306	44.8250961304
72.96483	19.5306	58.0235366821
72.98283	19.5306	147.39213562
73.00083	19.5306	19.9126548767
73.01883	19.5306	38.143283844
73.03683	19.5306	444.195159912
73.05483	19.5306	65.8145904541
73.07283	19.5306	152.017791748
73.09083	19.5306	38.0251502991
73.10883	19.5306	40.4487609863
73.12683	19.5306	45.1667022705
73.14483	19.5306	48.5780944824
73.16283	19.5306	49.7649688721
73.18083	19.5306	47.9956283569
73.19883	19.5306	76.0161743164
73.21683	19.5306	108.003227234
73.23483	19.5306	91.4495544434
73.25283	19.5306	317.565704346
73.27083	19.5306	173.143630981
73.28883	19.5306	130.312728882
73.30683	19.5306	155.448425293
73.32483	19.5306	152.960281372
73.34283	19.5306	157.355331421
73.36083	19.5306	178.17729187
73.37883	19.5306	186.667800903
73.39683	19.5306	191.739929199
73.41483	19.5306	122.0
73.43283	19.5306	188.398696899
73.45083	19.5306	125.388961792
73.46883	19.5306	224.700653076
73.48683	19.5306	139.494903564
73.50483	19.5306	229.259353638
73.52283	19.5306	227.465270996
73.54083	19.5306	221.036300659
73.55883	19.5306	243.986053467
73.57683	19.5306	289.00012207
73.59483	19.5306	295.438232422
73.61283	19.5306	370.699920654
72.71283	19.5126	-0.359216749668
72.73083	19.5126	0.0
72.74883	19.5126	6.0
72.76683	19.5126	7.76786422729
72.78483	19.5126	2.42388296127
72.80283	19.5126	1.86093246937
72.82083	19.5126	1.02913737297
72.83883	19.5126	1.61490762234
72.85683	19.5126	1.16571736336
72.87483	19.5126	30.2954673767
72.89283	19.5126	9.08328056335
72.91083	19.5126	193.112060547
72.92883	19.5126	26.8937931061
72.94683	19.5126	123.771125793
72.96483	19.5126	50.0553359985
72.98283	19.5126	29.6660690308
73.00083	19.5126	11.4011707306
73.01883	19.5126	13.107336998
73.03683	19.5126	33.3805656433
73.05483	19.5126	35.3455314636
73.07283	19.5126	81.9834594727
73.09083	19.5126	25.9801025391
73.10883	19.5126	33.7755508423
73.12683	19.5126	33.3783187866
73.14483	19.5126	36.1107597351
73.16283	19.5126	43.0939292908
73.18083	19.5126	98.0623016357
73.19883	19.5126	122.232635498
73.21683	19.5126	243.010070801
73.23483	19.5126	120.691093445
73.25283	19.5126	200.416885376
73.27083	19.5126	421.273345947
73.28883	19.5126	483.345550537
73.30683	19.5126	232.039962769
73.32483	19.5126	148.0
73.34283	19.5126	158.521347046
73.36083	19.5126	158.310623169
73.37883	19.5126	183.894500732
73.39683	19.5126	173.073547363
73.41483	19.5126	65.6320266724
73.43283	19.5126	122.0
73.45083	19.5126	123.147445679
73.46883	19.5126	220.925949097
73.48683	19.5126	232.816650391
73.50483	19.5126	235.618469238
73.52283	19.5126	241.222442627
73.54083	19.5126	269.582946777
73.55883	19.5126	261.053649902
73.57683	19.5126	257.538482666
73.59483	19.5126	282.804351807
73.61283	19.5126	198.627502441
72.71283	19.4946	-0.735828757286
72.73083	19.4946	-0.443260967731
72.74883	19.4946	-0.946873903275
72.76683	19.4946	0.0
72.78483	19.4946	0.0
72.80283	19.4946	0.0
72.82083	19.4946	0.135220497847
72.83883	19.4946	1.93098664284
72.85683	19.4946	24.4659805298
72.87483	19.4946	3.97677922249
72.89283	19.4946	19.7207508087
72.91083	19.4946	1.22398531437
72.92883	19.4946	13.3278989792
72.94683	19.4946	38.2484130859
72.96483	19.4946	29.4817466736
72.98283	19.4946	23.9741458893
73.00083	19.4946	13.0489864349
73.01883	19.4946	14.6641454697
73.03683	19.4946	17.0690135956
73.05483	19.4946	20.5048885345
73.07283	19.4946	48.6475906372
73.09083	19.4946	26.1146144867
73.10883	19.4946	24.276052475
73.12683	19.4946	30.9078769684
73.14483	19.4946	34.9485435486
73.16283	19.4946	46.105884552
73.18083	19.4946	54.0
73.19883	19.4946	77.2916870117
73.21683	19.4946	82.7734146118
73.23483	19.4946	157.613265991
73.25283	19.4946	733.870483398
73.27083	19.4946	170.085647583
73.28883	19.4946	319.757110596
73.30683	19.4946	200.741775513
73.32483	19.4946	164.506713867
73.34283	19.4946	132.719070435
73.36083	19.4946	103.070976257
73.37883	19.4946	163.471481323
73.39683	19.4946	61.1270713806
73.41483	19.4946	86.5192489624
73.43283	19.4946	125.079582214
73.45083	19.4946	201.167495728
73.46883	19.4946	103.672691345
73.48683	19.4946	134.881530762
73.50483	19.4946	164.351959229
73.52283	19.4946	157.919723511
73.54083	19.4946	229.611114502
73.55883	19.4946	261.501190186
73.57683	19.4946	271.190582275
73.59483	19.4946	235.551330566
73.61283	19.4946	184.175720215
72.71283	19.4766	-2.1433031559
72.73083	19.4766	-0.014830824919
72.74883	19.4766	-0.014191288501
72.76683	19.4766	0.0548297688365
72.78483	19.4766	0.408469319344
72.80283	19.4766	1.16585421562
72.82083	19.4766	30.5790100098
72.83883	19.4766	1.23473072052
72.85683	19.4766	18.0566177368
72.87483	19.4766	18.2907733917
72.89283	19.4766	19.494972229
72.91083	19.4766	10.0654830933
72.92883	19.4766	2.88325047493
72.94683	19.4766	8.93037891388
72.96483	19.4766	16.6177654266
72.98283	19.4766	34.7864532471
73.00083	19.4766	18.1643314362
73.01883	19.4766	64.5195083618
73.03683	19.4766	33.7545852661
73.05483	19.4766	16.6150608063
73.07283	19.4766	22.1234550476
73.09083	19.4766	42.8529396057
73.10883	19.4766	48.1929664612
73.12683	19.4766	50.3835716248
73.14483	19.4766	45.1103591919
73.16283	19.4766	39.9485435486
73.18083	19.4766	50.1181182861
73.19883	19.4766	72.2151641846
73.21683	19.4766	101.619651794
73.23483	19.4766	195.481948853
73.25283	19.4766	392.623779297
73.27083	19.4766	144.777755737
73.28883	19.4766	99.5947341919
73.30683	19.4766	122.173332214
73.32483	19.4766	85.2674255371
73.34283	19.4766	60.38331604
73.36083	19.4766	59.7749900818
73.37883	19.4766	59.3273124695
73.39683	19.4766	55.3000068665
73.41483	19.4766	68.7092285156
73.43283	19.4766	65.21434021
73.45083	19.4766	174.835906982
73.46883	19.4766	193.355484009
73.48683	19.4766	203.186355591
73.50483	19.4766	222.04649353
73.52283	19.4766	139.004379272
73.54083	19.4766	196.102401733
73.55883	19.4766	183.282302856
73.57683	19.4766	164.400634766
73.59483	19.4766	148.615081787
73.61283	19.4766	149.854614258
72.71283	19.4586	-1.36659741402
72.73083	19.4586	0.607133924961
72.74883	19.4586	10.0585479736
72.76683	19.4586	6.26308250427
72.78483	19.4586	1.40846931934
72.80283	19.4586	1.80593061447
72.82083	19.4586	15.9686164856
72.83883	19.4586	41.7076454163
72.85683	19.4586	29.1491966248
72.87483	19.4586	88.6776809692
72.89283	19.4586	44.1156463623
72.91083	19.4586	40.4887695312
72.92883	19.4586	91.8297424316
72.94683	19.4586	10.770242691
72.96483	19.4586	21.5920124054
72.98283	19.4586	161.438949585
73.00083	19.4586	232.098953247
73.01883	19.4586	56.3328704834
73.03683	19.4586	83.4891586304
73.05483	19.4586	55.2312545776
73.07283	19.4586	24.6402130127
73.09083	19.4586	38.139705658
73.10883	19.4586	57.0531616211
73.12683	19.4586	51.0660400391
73.14483	19.4586	55.5181236267
73.16283	19.4586	42.7783432007
73.18083	19.4586	44.2804260254
73.19883	19.4586	51.4052467346
73.21683	19.4586	87.2113952637
73.23483	19.4586	248.329589844
73.25283	19.4586	418.681854248
73.27083	19.4586	122.181861877
73.28883	19.4586	91.2594604492
73.30683	19.4586	68.4504089355
73.32483	19.4586	62.3510169983
73.34283	19.4586	47.561466217
73.36083	19.4586	41.9298019409
73.37883	19.4586	44.2398796082
73.39683	19.4586	62.3170204163
73.41483	19.4586	66.4447021484
73.43283	19.4586	75.9419937134
73.45083	19.4586	80.4515686035
73.46883	19.4586	109.71572876
73.48683	19.4586	190.352783203
73.50483	19.4586	161.783569336
73.52283	19.4586	144.356170654
73.54083	19.4586	155.035476685
73.55883	19.4586	161.041854858
73.57683	19.4586	159.872375488
73.59483	19.4586	170.856887817
73.61283	19.4586	147.191589355
72.71283	19.4406	-2.587059021
72.73083	19.4406	-0.697710454464
72.74883	19.4406	0.0
72.76683	19.4406	3.46228218079
72.78483	19.4406	7.73077440262
72.80283	19.4406	6.07449054718
72.82083	19.4406	1.58284378052
72.83883	19.4406	48.1901130676
72.85683	19.4406	26.3596229553
72.87483	19.4406	29.7622833252
72.89283	19.4406	69.109916687
72.91083	19.4406	312.90335083
72.92883	19.4406	424.296783447
72.94683	19.4406	44.0070037842
72.96483	19.4406	9.0
72.98283	19.4406	29.0150375366
73.00083	19.4406	67.9560089111
73.01883	19.4406	182.433563232
73.03683	19.4406	456.759246826
73.05483	19.4406	48.643825531
73.07283	19.4406	22.5741863251
73.09083	19.4406	27.852519989
73.10883	19.4406	27.1919269562
73.12683	19.4406	29.8574085236
73.14483	19.4406	47.0100288391
73.16283	19.4406	49.6237678528
73.18083	19.4406	41.9111824036
73.19883	19.4406	109.275772095
73.21683	19.4406	259.397766113
73.23483	19.4406	106.671379089
73.25283	19.4406	69.8094482422
73.27083	19.4406	223.151901245
73.28883	19.4406	107.519859314
73.30683	19.4406	79.61668396
73.32483	19.4406	63.1420516968
73.34283	19.4406	41.1878814697
73.36083	19.4406	45.8781433105
73.37883	19.4406	63.6791915894
73.39683	19.4406	64.4940643311
73.41483	19.4406	80.3831253052
73.43283	19.4406	196.615081787
73.45083	19.4406	92.1970367432
73.46883	19.4406	90.2612686157
73.48683	19.4406	123.348945618
73.50483	19.4406	103.233428955
73.52283	19.4406	133.508911133
73.54083	19.4406	209.938415527
73.55883	19.4406	230.494796753
73.57683	19.4406	149.206924438
73.59483	19.4406	135.84475708
73.61283	19.4406	141.482040405
72.71283	19.4226	-6.54746246338
72.73083	19.4226	-2.52992033958
72.74883	19.4226	-0.0445146262646
72.76683	19.4226	6.53688240051
72.78483	19.4226	7.1250576973
72.80283	19.4226	3.42413282394
72.82083	19.4226	3.25207471848
72.83883	19.4226	10.0759334564
72.85683	19.4226	26.1991577148
72.87483	19.4226	37.6613082886
72.89283	19.4226	285.585540771
72.91083	19.4226	282.117645264
72.92883	19.4226	523.606201172
72.94683	19.4226	166.102630615
72.96483	19.4226	21.9534664154
72.98283	19.4226	67.8225479126
73.00083	19.4226	172.158554077
73.01883	19.4226	138.690994263
73.03683	19.4226	126.898422241
73.05483	19.4226	50.6152954102
73.07283	19.4226	27.0
73.09083	19.4226	19.0748806
73.10883	19.4226	55.809753418
73.12683	19.4226	47.2114143372
73.14483	19.4226	53.9049987793
73.16283	19.4226	114.892547607
73.18083	19.4226	30.9030818939
73.19883	19.4226	46.7358474731
73.21683	19.4226	58.4242973328
73.23483	19.4226	55.9237480164
73.25283	19.4226	44.3773422241
73.27083	19.4226	48.7146453857
73.28883	19.4226	48.1894607544
73.30683	19.4226	54.6144332886
73.32483	19.4226	32.4463577271
73.34283	19.4226	39.2114143372
73.36083	19.4226	62.1537666321
73.37883	19.4226	67.2305145264
73.39683	19.4226	140.533691406
73.41483	19.4226	245.924484253
73.43283	19.4226	151.236740112
73.45083	19.4226	131.236541748
73.46883	19.4226	104.478691101
73.48683	19.4226	92.6071853638
73.50483	19.4226	96.5988235474
73.52283	19.4226	115.039375305
73.54083	19.4226	175.610946655
73.55883	19.4226	222.404953003
73.57683	19.4226	204.576538086
73.59483	19.4226	150.550796509
73.61283	19.4226	146.400695801
72.71283	19.4046	-7.01205778122
72.73083	19.4046	-5.23803186417
72.74883	19.4046	-1.37837040424
72.76683	19.4046	5.75313520432
72.78483	19.4046	4.40846920013
72.80283	19.4046	3.19406938553
72.82083	19.4046	0.997074067593
72.83883	19.4046	8.46876049042
72.85683	19.4046	19.0046310425
72.87483	19.4046	16.673915863
72.89283	19.4046	81.2825164795
72.91083	19.4046	116.70098114
72.92883	19.4046	328.677520752
72.94683	19.4046	325.678100586
72.96483	19.4046	177.487365723
72.98283	19.4046	73.7075424194
73.00083	19.4046	44.1368942261
73.01883	19.4046	214.369064331
73.03683	19.4046	343.174987793
73.05483	19.4046	88.1254577637
73.07283	19.4046	44.9181213379
73.09083	19.4046	20.7636699677
73.10883	19.4046	21.4510250092
73.12683	19.4046	41.6707382202
73.14483	19.4046	50.6326179504
73.16283	19.4046	59.4388427734
73.18083	19.4046	23.3782863617
73.19883	19.4046	25.9529781342
73.21683	19.4046	39.2121772766
73.23483	19.4046	30.9515304565
73.25283	19.4046	29.5002117157
73.27083	19.4046	24.997013092
73.28883	19.4046	37.5959396362
73.30683	19.4046	57.4195709229
73.32483	19.4046	39.0264472961
73.34283	19.4046	60.7278709412
73.36083	19.4046	70.4853668213
73.37883	19.4046	53.3462104797
73.39683	19.4046	71.7566452026
73.41483	19.4046	123.460021973
73.43283	19.4046	157.404190063
73.45083	19.4046	120.622688293
73.46883	19.4046	79.0
73.48683	19.4046	78.9061203003
73.50483	19.4046	89.6629562378
73.52283	19.4046	120.004127502
73.54083	19.4046	139.396636963
73.55883	19.4046	209.005401611
73.57683	19.4046	171.595092773
73.59483	19.4046	115.259597778
73.61283	19.4046	167.406600952
72.71283	19.3866	-6.98835468292
72.73083	19.3866	-5.36228704453
72.74883	19.3866	-1.20192265511
72.76683	19.3866	4.48746585846
72.78483	19.3866	8.18922042847
72.80283	19.3866	2.109582901
72.82083	19.3866	0.76670229435
72.83883	19.3866	0.618476688862
72.85683	19.3866	15.5184993744
72.87483	19.3866	38.6866455078
72.89283	19.3866	71.1591262817
72.91083	19.3866	56.3625144958
72.92883	19.3866	58.325176239
72.94683	19.3866	126.832809448
72.96483	19.3866	276.367370605
72.98283	19.3866	42.7934989929
73.00083	19.3866	23.2000541687
73.01883	19.3866	81.7664260864
73.03683	19.3866	287.080291748
73.05483	19.3866	38.3261756897
73.07283	19.3866	25.9609069824
73.09083	19.3866	16.5462818146
73.10883	19.3866	18.3318824768
73.12683	19.3866	29.8107223511
73.14483	19.3866	43.7066841125
73.16283	19.3866	39.1379165649
73.18083	19.3866	26.3594207764
73.19883	19.3866	41.5553436279
73.21683	19.3866	26.610710144
73.23483	19.3866	29.3757667542
73.25283	19.3866	23.2020015717
73.27083	19.3866	35.5069122314
73.28883	19.3866	24.9118995667
73.30683	19.3866	38.9437446594
73.32483	19.3866	35.5283966064
73.34283	19.3866	57.6857719421
73.36083	19.3866	60.2265396118
73.37883	19.3866	90.087020874
73.39683	19.3866	88.8029632568
73.41483	19.3866	94.9387512207
73.43283	19.3866	118.572303772
73.45083	19.3866	94.086555481
73.46883	19.3866	72.3168716431
73.48683	19.3866	70.1338348389
73.50483	19.3866	128.714294434
73.52283	19.3866	114.065162659
73.54083	19.3866	122.561645508
73.55883	19.3866	152.714050293
73.57683	19.3866	108.735679626
73.59483	19.3866	149.995513916
73.61283	19.3866	202.604415894
72.71283	19.3686	-6.81440448761
72.73083	19.3686	-4.28334760666
72.74883	19.3686	-0.982332766056
72.76683	19.3686	2.05465602875
72.78483	19.3686	6.08739042282
72.80283	19.3686	3.16791534424
72.82083	19.3686	8.48966407776
72.83883	19.3686	1.63189220428
72.85683	19.3686	2.43178677559
72.87483	19.3686	34.458694458
72.89283	19.3686	22.407793045
72.91083	19.3686	26.0482349396
72.92883	19.3686	42.8518562317
72.94683	19.3686	328.016937256
72.96483	19.3686	298.084747314
72.98283	19.3686	32.5240859985
73.00083	19.3686	22.7173957825
73.01883	19.3686	52.0615463257
73.03683	19.3686	82.9494018555
73.05483	19.3686	23.0717105865
73.07283	19.3686	45.4412574768
73.09083	19.3686	15.433927536
73.10883	19.3686	24.3938980103
73.12683	19.3686	44.3733291626
73.14483	19.3686	61.3642272949
73.16283	19.3686	19.4723453522
73.18083	19.3686	24.6069850922
73.19883	19.3686	28.6591567993
73.21683	19.3686	15.7046403885
73.23483	19.3686	34.7457046509
73.25283	19.3686	46.8358459473
73.27083	19.3686	46.0468902588
73.28883	19.3686	43.9085731506
73.30683	19.3686	67.8366699219
73.32483	19.3686	65.6184844971
73.34283	19.3686	97.9866485596
73.36083	19.3686	96.4700469971
73.37883	19.3686	89.6665420532
73.39683	19.3686	88.3930664062
73.41483	19.3686	78.2827148438
73.43283	19.3686	66.4900283813
73.45083	19.3686	62.6607589722
73.46883	19.3686	59.1705169678
73.48683	19.3686	88.3849182129
73.50483	19.3686	84.136428833
73.52283	19.3686	131.014251709
73.54083	19.3686	92.1027145386
73.55883	19.3686	130.061477661
73.57683	19.3686	102.763931274
73.59483	19.3686	189.718917847
73.61283	19.3686	197.079574585
72.71283	19.3506	-6.87385702133
72.73083	19.3506	-3.04809594154
72.74883	19.3506	0.0
72.76683	19.3506	0.0
72.78483	19.3506	0.0
72.80283	19.3506	9.47921848297
72.82083	19.3506	8.36695098877
72.83883	19.3506	1.49450683594
72.85683	19.3506	2.64618659019
72.87483	19.3506	0.353813320398
72.89283	19.3506	2.87793064117
72.91083	19.3506	6.46152544022
72.92883	19.3506	19.0
72.94683	19.3506	302.733642578
72.96483	19.3506	42.0656700134
72.98283	19.3506	105.788352966
73.00083	19.3506	24.225353241
73.01883	19.3506	56.4889183044
73.03683	19.3506	99.1813735962
73.05483	19.3506	30.677312851
73.07283	19.3506	17.2201690674
73.09083	19.3506	10.1527137756
73.10883	19.3506	20.098033905
73.12683	19.3506	56.1423377991
73.14483	19.3506	39.7076263428
73.16283	19.3506	36.104511261
73.18083	19.3506	11.260679245
73.19883	19.3506	17.6622180939
73.21683	19.3506	24.5377635956
73.23483	19.3506	43.0
73.25283	19.3506	62.5874786377
73.27083	19.3506	48.9831848145
73.28883	19.3506	42.8146858215
73.30683	19.3506	35.4492263794
73.32483	19.3506	34.6522407532
73.34283	19.3506	63.2379302979
73.36083	19.3506	84.8061447144
73.37883	19.3506	81.3946380615
73.39683	19.3506	75.868057251
73.41483	19.3506	65.6302871704
73.43283	19.3506	57.463470459
73.45083	19.3506	54.6634025574
73.46883	19.3506	71.6150817871
73.48683	19.3506	67.6930541992
73.50483	19.3506	67.108253479
73.52283	19.3506	75.3819274902
73.54083	19.3506	83.8703765869
73.55883	19.3506	103.196479797
73.57683	19.3506	99.9959869385
73.59483	19.3506	179.142333984
73.61283	19.3506	191.71043396
72.71283	19.3326	-7.1971039772
72.73083	19.3326	-2.95091938972
72.74883	19.3326	0.0
72.76683	19.3326	0.0
72.78483	19.3326	0.0
72.80283	19.3326	2.63891720772
72.82083	19.3326	0.139413326979
72.83883	19.3326	0.658580601215
72.85683	19.3326	0.613484144211
72.87483	19.3326	1.04690825939
72.89283	19.3326	1.72117328644
72.91083	19.3326	30.0029621124
72.92883	19.3326	22.8457279205
72.94683	19.3326	86.4254074097
72.96483	19.3326	64.3667373657
72.98283	19.3326	14.949930191
73.00083	19.3326	38.1807403564
73.01883	19.3326	1.8662828207
73.03683	19.3326	43.5009307861
73.05483	19.3326	53.686882019
73.07283	19.3326	8.0
73.09083	19.3326	13.236330986
73.10883	19.3326	30.428768158
73.12683	19.3326	177.4400177
73.14483	19.3326	25.2430877686
73.16283	19.3326	24.1878604889
73.18083	19.3326	46.6972351074
73.19883	19.3326	10.8563861847
73.21683	19.3326	18.8765449524
73.23483	19.3326	34.6309928894
73.25283	19.3326	50.6681404114
73.27083	19.3326	32.5213241577
73.28883	19.3326	29.0328655243
73.30683	19.3326	27.3916301727
73.32483	19.3326	39.0640296936
73.34283	19.3326	32.0318336487
73.36083	19.3326	41.3418884277
73.37883	19.3326	65.9072418213
73.39683	19.3326	66.6394042969
73.41483	19.3326	65.9735488892
73.43283	19.3326	45.5205535889
73.45083	19.3326	57.8605880737
73.46883	19.3326	56.5804519653
73.48683	19.3326	61.5817604065
73.50483	19.3326	62.4463577271
73.52283	19.3326	75.1563491821
73.54083	19.3326	74.0977096558
73.55883	19.3326	71.2046203613
73.57683	19.3326	89.0788955688
73.59483	19.3326	95.2394638062
73.61283	19.3326	113.21269989
72.71283	19.3146	-7.02851581573
72.73083	19.3146	-4.22137594223
72.74883	19.3146	-0.75274848938
72.76683	19.3146	0.0
72.78483	19.3146	0.0
72.80283	19.3146	0.0
72.82083	19.3146	0.0
72.83883	19.3146	0.0
72.85683	19.3146	7.0
72.87483	19.3146	0.0
72.89283	19.3146	0.990846455097
72.91083	19.3146	101.708847046
72.92883	19.3146	154.703765869
72.94683	19.3146	2.4070661068
72.96483	19.3146	1.24463760853
72.98283	19.3146	69.1558609009
73.00083	19.3146	13.8706026077
73.01883	19.3146	3.72906160355
73.03683	19.3146	13.9555234909
73.05483	19.3146	7.92501354218
73.07283	19.3146	10.0969171524
73.09083	19.3146	17.0749874115
73.10883	19.3146	35.1087837219
73.12683	19.3146	26.255273819
73.14483	19.3146	55.5344161987
73.16283	19.3146	20.2298164368
73.18083	19.3146	16.8731479645
73.19883	19.3146	14.9642114639
73.21683	19.3146	20.8438835144
73.23483	19.3146	20.7302055359
73.25283	19.3146	42.455619812
73.27083	19.3146	10.4982156754
73.28883	19.3146	25.4751472473
73.30683	19.3146	48.5521202087
73.32483	19.3146	81.947883606
73.34283	19.3146	52.3830337524
73.36083	19.3146	45.5293655396
73.37883	19.3146	68.9155578613
73.39683	19.3146	65.1200561523
73.41483	19.3146	78.1017227173
73.43283	19.3146	53.0417022705
73.45083	19.3146	51.550655365
73.46883	19.3146	58.3666725159
73.48683	19.3146	60.1218566895
73.50483	19.3146	68.1675338745
73.52283	19.3146	72.4967346191
73.54083	19.3146	92.6390151978
73.55883	19.3146	90.7571716309
73.57683	19.3146	90.9516220093
73.59483	19.3146	116.583763123
73.61283	19.3146	124.246124268
72.71283	19.2966	-7.1515789032
72.73083	19.2966	-5.78460788727
72.74883	19.2966	-2.60625433922
72.76683	19.2966	-0.042410377413
72.78483	19.2966	4.53730392456
72.80283	19.2966	2.76677441597
72.82083	19.2966	3.15805411339
72.83883	19.2966	2.01969337463
72.85683	19.2966	2.23204088211
72.87483	19.2966	0.0
72.89283	19.2966	0.0
72.91083	19.2966	65.7956466675
72.92883	19.2966	13.8981676102
72.94683	19.2966	0.0
72.96483	19.2966	0.0
72.98283	19.2966	5.24245834351
73.00083	19.2966	1.54628264904
73.01883	19.2966	13.3989858627
73.03683	19.2966	5.30374383926
73.05483	19.2966	16.5181446075
73.07283	19.2966	17.5943584442
73.09083	19.2966	55.3896217346
73.10883	19.2966	22.4188346863
73.12683	19.2966	14.1377811432
73.14483	19.2966	11.2893867493
73.16283	19.2966	18.1211128235
73.18083	19.2966	13.4212265015
73.19883	19.2966	13.5724983215
73.21683	19.2966	10.8397188187
73.23483	19.2966	28.5851631165
73.25283	19.2966	11.0340909958
73.27083	19.2966	59.7899360657
73.28883	19.2966	80.7841949463
73.30683	19.2966	98.1260528564
73.32483	19.2966	108.912330627
73.34283	19.2966	53.1690750122
73.36083	19.2966	67.0
73.37883	19.2966	74.8770828247
73.39683	19.2966	94.9844284058
73.41483	19.2966	90.9388427734
73.43283	19.2966	124.919700623
73.45083	19.2966	104.283576965
73.46883	19.2966	100.930717468
73.48683	19.2966	77.302947998
73.50483	19.2966	84.0484848022
73.52283	19.2966	69.5255279541
73.54083	19.2966	86.7106170654
73.55883	19.2966	96.3320770264
73.57683	19.2966	114.725158691
73.59483	19.2966	137.148986816
73.61283	19.2966	164.677902222
72.71283	19.2786	-8.0
72.73083	19.2786	-6.80097055435
72.74883	19.2786	-4.06308889389
72.76683	19.2786	-0.512780606747
72.78483	19.2786	5.70199489594
72.80283	19.2786	24.9537296295
72.82083	19.2786	2.98724269867
72.83883	19.2786	1.49621331692
72.85683	19.2786	3.50378656387
72.87483	19.2786	2.17170023918
72.89283	19.2786	33.1392288208
72.91083	19.2786	31.8317871094
72.92883	19.2786	24.3740367889
72.94683	19.2786	8.76600551605
72.96483	19.2786	0.635019898415
72.98283	19.2786	1.50378668308
73.00083	19.2786	5.75288152695
73.01883	19.2786	0.809200525284
73.03683	19.2786	21.4068698883
73.05483	19.2786	28.3113174438
73.07283	19.2786	14.9813785553
73.09083	19.2786	13.9630908966
73.10883	19.2786	5.03449583054
73.12683	19.2786	11.9852828979
73.14483	19.2786	13.8197517395
73.16283	19.2786	10.0863571167
73.18083	19.2786	9.08789825439
73.19883	19.2786	19.5075836182
73.21683	19.2786	57.392490387
73.23483	19.2786	32.0893669128
73.25283	19.2786	51.4066238403
73.27083	19.2786	46.6343231201
73.28883	19.2786	91.6619567871
73.30683	19.2786	97.9387512207
73.32483	19.2786	81.4651107788
73.34283	19.2786	81.1477890015
73.36083	19.2786	96.9485473633
73.37883	19.2786	82.1653747559
73.39683	19.2786	89.6740646362
73.41483	19.2786	109.9635849
73.43283	19.2786	84.1485671997
73.45083	19.2786	92.5956344604
73.46883	19.2786	98.9832229614
73.48683	19.2786	109.913482666
73.50483	19.2786	82.1675338745
73.52283	19.2786	88.6933059692
73.54083	19.2786	91.8104705811
73.55883	19.2786	100.825874329
73.57683	19.2786	109.987533569
73.59483	19.2786	145.209243774
73.61283	19.2786	157.18296814
72.71283	19.2606	-7.98912382126
72.73083	19.2606	-6.78534793854
72.74883	19.2606	-4.05544185638
72.76683	19.2606	-0.545673549175
72.78483	19.2606	11.6902828217
72.80283	19.2606	12.1173973083
72.82083	19.2606	0.302143990993
72.83883	19.2606	2.7181866169
72.85683	19.2606	3.95925378799
72.87483	19.2606	15.0854139328
72.89283	19.2606	37.7837753296
72.91083	19.2606	147.067276001
72.92883	19.2606	264.81918335
72.94683	19.2606	210.432373047
72.96483	19.2606	12.2825040817
72.98283	19.2606	6.15456008911
73.00083	19.2606	0.728494763374
73.01883	19.2606	0.0
73.03683	19.2606	9.88533878326
73.05483	19.2606	19.4225921631
73.07283	19.2606	6.71818685532
73.09083	19.2606	7.53926229477
73.10883	19.2606	5.71802759171
73.12683	19.2606	13.1428184509
73.14483	19.2606	7.85727596283
73.16283	19.2606	15.5106630325
73.18083	19.2606	19.9388370514
73.19883	19.2606	8.15456008911
73.21683	19.2606	10.8607254028
73.23483	19.2606	28.2636585236
73.25283	19.2606	52.2529945374
73.27083	19.2606	59.5860290527
73.28883	19.2606	78.2113189697
73.30683	19.2606	52.9000740051
73.32483	19.2606	55.2818145752
73.34283	19.2606	57.0392303467
73.36083	19.2606	71.5314941406
73.37883	19.2606	62.1878929138
73.39683	19.2606	74.237739563
73.41483	19.2606	78.3504257202
73.43283	19.2606	104.938423157
73.45083	19.2606	83.337272644
73.46883	19.2606	96.2818145752
73.48683	19.2606	118.751251221
73.50483	19.2606	122.067070007
73.52283	19.2606	90.5104370117
73.54083	19.2606	98.7181854248
73.55883	19.2606	117.910362244
73.57683	19.2606	122.299751282
73.59483	19.2606	131.264343262
73.61283	19.2606	151.419555664
72.71283	19.2426	-8.39728069305
72.73083	19.2426	-6.79402160645
72.74883	19.2426	-4.09918308258
72.76683	19.2426	0.0
72.78483	19.2426	6.74116754532
72.80283	19.2426	14.5377655029
72.82083	19.2426	0.979669332504
72.83883	19.2426	2.15065073967
72.85683	19.2426	16.4897327423
72.87483	19.2426	31.6184310913
72.89283	19.2426	135.856628418
72.91083	19.2426	171.077804565
72.92883	19.2426	86.7136764526
72.94683	19.2426	122.901733398
72.96483	19.2426	111.293739319
72.98283	19.2426	30.1554641724
73.00083	19.2426	0.0
73.01883	19.2426	4.52832460403
73.03683	19.2426	0.593130648136
73.05483	19.2426	28.1050662994
73.07283	19.2426	2.88562560081
73.09083	19.2426	0.508211016655
73.10883	19.2426	8.22672271729
73.12683	19.2426	14.4022827148
73.14483	19.2426	19.9918785095
73.16283	19.2426	24.2143783569
73.18083	19.2426	26.6040096283
73.19883	19.2426	26.3840847015
73.21683	19.2426	99.0066223145
73.23483	19.2426	12.034620285
73.25283	19.2426	39.5963096619
73.27083	19.2426	56.035610199
73.28883	19.2426	59.432762146
73.30683	19.2426	56.9454536438
73.32483	19.2426	54.2054176331
73.34283	19.2426	69.1351852417
73.36083	19.2426	80.0099868774
73.37883	19.2426	83.8878326416
73.39683	19.2426	79.1862106323
73.41483	19.2426	125.617851257
73.43283	19.2426	162.577880859
73.45083	19.2426	106.228050232
73.46883	19.2426	94.0321884155
73.48683	19.2426	106.996841431
73.50483	19.2426	120.250343323
73.52283	19.2426	135.894119263
73.54083	19.2426	108.0
73.55883	19.2426	131.582977295
73.57683	19.2426	139.156570435
73.59483	19.2426	163.683670044
73.61283	19.2426	179.276077271
72.71283	19.2246	-9.0400800705
72.73083	19.2246	-7.45724344254
72.74883	19.2246	-5.13209962845
72.76683	19.2246	-0.437510371208
72.78483	19.2246	0.408469319344
72.80283	19.2246	0.971474409103
72.82083	19.2246	1.85301327705
72.83883	19.2246	3.32847571373
72.85683	19.2246	18.0660171509
72.87483	19.2246	26.097530365
72.89283	19.2246	64.7987213135
72.91083	19.2246	207.082778931
72.92883	19.2246	167.850585938
72.94683	19.2246	131.398696899
72.96483	19.2246	33.2255973816
72.98283	19.2246	12.0105810165
73.00083	19.2246	2.25247502327
73.01883	19.2246	1.43439900875
73.03683	19.2246	0.494051635265
73.05483	19.2246	8.77924060822
73.07283	19.2246	3.83108258247
73.09083	19.2246	17.5391712189
73.10883	19.2246	9.03560638428
73.12683	19.2246	9.66973876953
73.14483	19.2246	13.2674560547
73.16283	19.2246	21.9607505798
73.18083	19.2246	32.059677124
73.19883	19.2246	47.2618789673
73.21683	19.2246	59.8948249817
73.23483	19.2246	17.9388599396
73.25283	19.2246	28.876373291
73.27083	19.2246	49.584487915
73.28883	19.2246	50.0620384216
73.30683	19.2246	72.9561157227
73.32483	19.2246	99.1940460205
73.34283	19.2246	111.787864685
73.36083	19.2246	73.1837387085
73.37883	19.2246	86.5685653687
73.39683	19.2246	102.744789124
73.41483	19.2246	90.675994873
73.43283	19.2246	102.474502563
73.45083	19.2246	123.210105896
73.46883	19.2246	111.183486938
73.48683	19.2246	134.913146973
73.50483	19.2246	153.00428772
73.52283	19.2246	171.777603149
73.54083	19.2246	132.760665894
73.55883	19.2246	159.166046143
73.57683	19.2246	166.175811768
73.59483	19.2246	205.012557983
73.61283	19.2246	297.744628906
72.71283	19.2066	-9.10287570953
72.73083	19.2066	-7.61504554749
72.74883	19.2066	-5.17851495743
72.76683	19.2066	-1.28360629082
72.78483	19.2066	8.40953826904
72.80283	19.2066	0.291252583265
72.82083	19.2066	2.42801475525
72.83883	19.2066	10.0
72.85683	19.2066	16.1894817352
72.87483	19.2066	24.6635303497
72.89283	19.2066	86.1110305786
72.91083	19.2066	190.450790405
72.92883	19.2066	175.649978638
72.94683	19.2066	81.5624771118
72.96483	19.2066	24.6386127472
72.98283	19.2066	10.2953214645
73.00083	19.2066	8.73072528839
73.01883	19.2066	1.46705710888
73.03683	19.2066	5.32216262817
73.05483	19.2066	1.36138665676
73.07283	19.2066	1.97806930542
73.09083	19.2066	8.97537899017
73.10883	19.2066	13.1878824234
73.12683	19.2066	12.8789825439
73.14483	19.2066	10.0
73.16283	19.2066	43.0502128601
73.18083	19.2066	34.1711158752
73.19883	19.2066	29.0
73.21683	19.2066	114.407981873
73.23483	19.2066	41.1717758179
73.25283	19.2066	16.6090888977
73.27083	19.2066	43.3305892944
73.28883	19.2066	41.5763130188
73.30683	19.2066	66.2191467285
73.32483	19.2066	51.5093727112
73.34283	19.2066	118.003646851
73.36083	19.2066	61.0
73.37883	19.2066	73.325302124
73.39683	19.2066	77.9804382324
73.41483	19.2066	111.711402893
73.43283	19.2066	103.736663818
73.45083	19.2066	109.242683411
73.46883	19.2066	114.566184998
73.48683	19.2066	129.608688354
73.50483	19.2066	133.699157715
73.52283	19.2066	154.76385498
73.54083	19.2066	163.999588013
73.55883	19.2066	170.72277832
73.57683	19.2066	205.781799316
73.59483	19.2066	280.834075928
73.61283	19.2066	1093.81335449
72.71283	19.1886	-9.65784072876
72.73083	19.1886	-7.41496229172
72.74883	19.1886	-4.32882165909
72.76683	19.1886	-1.24801933765
72.78483	19.1886	0.0
72.80283	19.1886	4.38171720505
72.82083	19.1886	4.84842681885
72.83883	19.1886	10.1187362671
72.85683	19.1886	19.9414196014
72.87483	19.1886	44.8056945801
72.89283	19.1886	255.525894165
72.91083	19.1886	145.13772583
72.92883	19.1886	162.489349365
72.94683	19.1886	32.866355896
72.96483	19.1886	14.4643001556
72.98283	19.1886	2.56819748878
73.00083	19.1886	13.6710128784
73.01883	19.1886	104.615814209
73.03683	19.1886	1.65848326683
73.05483	19.1886	5.01010131836
73.07283	19.1886	5.03123378754
73.09083	19.1886	20.472661972
73.10883	19.1886	25.9244365692
73.12683	19.1886	27.6582660675
73.14483	19.1886	18.9617385864
73.16283	19.1886	46.718208313
73.18083	19.1886	33.951625824
73.19883	19.1886	53.1232337952
73.21683	19.1886	43.8482093811
73.23483	19.1886	30.0484695435
73.25283	19.1886	18.3175048828
73.27083	19.1886	49.1856880188
73.28883	19.1886	46.2989883423
73.30683	19.1886	70.9190292358
73.32483	19.1886	42.578792572
73.34283	19.1886	61.0
73.36083	19.1886	61.0
73.37883	19.1886	61.0
73.39683	19.1886	61.0
73.41483	19.1886	72.8489532471
73.43283	19.1886	78.2016830444
73.45083	19.1886	85.5243301392
73.46883	19.1886	99.3541183472
73.48683	19.1886	116.451202393
73.50483	19.1886	150.745437622
73.52283	19.1886	183.899200439
73.54083	19.1886	432.632568359
73.55883	19.1886	392.249145508
73.57683	19.1886	946.734924316
73.59483	19.1886	983.975769043
73.61283	19.1886	1039.33483887
