-15.0  -15.0031912312  -15.0046829504  -15.0049848819  -15.0046693921  -15.0041644449  -15.0034732819  -15.0246711382  -15.0434658115  -15.0576092318  -15.0644260387  -15.0612178985  -15.0456933975  -15.1056106559  -15.1509890435  -15.1818156764  -15.1984154512  -15.2012110604  -15.1906929016  -15.3397400079  -15.4770193719  -15.6035464288  -15.7203193644  -15.8282974034  -15.9285869598  -15.9324836504  -15.9324184925  -15.9311414755  -15.9316860665  -15.936957652  
-14.9966070392  -15.0025260282  -15.0052623706  -15.0068023397  -15.0084484355  -15.011739918  -15.0206897482  -15.041257707  -15.0653158621  -15.0867004323  -15.1020226763  -15.1100985007  -15.1221053086  -15.1616917801  -15.2031298773  -15.2331260612  -15.2510998627  -15.2615834605  -15.291942121  -15.3916363695  -15.5126084526  -15.6286535476  -15.7355461554  -15.830426581  -15.8994104154  -15.9180195479  -15.9141064905  -15.9049225214  -15.8959804007  -15.8890063851  
-14.9945125307  -15.0021243528  -15.0065072443  -15.0097429005  -15.0140369683  -15.0221517332  -15.0377878208  -15.0629752646  -15.0938906134  -15.125161591  -15.1530242413  -15.1769416876  -15.203107212  -15.2379179406  -15.2735208361  -15.3023528726  -15.3244189014  -15.3468136689  -15.3881777374  -15.4645547894  -15.5607299541  -15.6582889469  -15.7484906937  -15.8242472068  -15.8742115885  -15.8902067364  -15.8825813816  -15.8645388824  -15.8432612034  -15.820502292  
-14.9935922135  -15.0025734587  -15.0083393241  -15.0130856716  -15.0196991693  -15.0318332208  -15.0533125305  -15.0856538757  -15.1261015237  -15.1697017283  -15.2121397141  -15.2512690176  -15.2878323294  -15.3229524992  -15.3549524206  -15.3825587066  -15.4078039113  -15.4365987058  -15.4783735803  -15.5388928061  -15.6125556634  -15.6893229314  -15.7606930135  -15.8181773433  -15.8524985576  -15.8589822738  -15.8428251272  -15.8135186011  -15.7784887544  -15.7414954403  
-14.9937090656  -15.0038971992  -15.0105883591  -15.0162104828  -15.0241067786  -15.0388190905  -15.0654864494  -15.1065108082  -15.158862374  -15.2167690258  -15.274963529  -15.3290398069  -15.3751463383  -15.4115941474  -15.440532859  -15.4660861763  -15.4923771371  -15.5231674094  -15.5612988901  -15.6077736705  -15.6612691434  -15.7179276237  -15.7714897499  -15.813293354  -15.8336470914  -15.8274458497  -15.7985515761  -15.7554065488  -15.7055921444  -15.6550963911  
-14.9947239329  -15.005951257  -15.0130607431  -15.0188210987  -15.0266499022  -15.0418047957  -15.0723203293  -15.1233313339  -15.1896624383  -15.2631563384  -15.337902865  -15.4078367976  -15.463838456  -15.5001383605  -15.5239849301  -15.5456689088  -15.5711441805  -15.6021713964  -15.6355568898  -15.6677120691  -15.7017082668  -15.7397206993  -15.7780697113  -15.80807396  -15.8169755372  -15.7962779566  -15.7515429881  -15.6928243994  -15.6274436214  -15.5626143758  
-14.9964801149  -15.0084143408  -15.0155160687  -15.021052778  -15.027814832  -15.0405339066  -15.0717435262  -15.134963218  -15.2170972882  -15.3060069405  -15.3969285289  -15.4845022942  -15.5527811865  -15.5841769146  -15.5986148092  -15.6142055785  -15.6374266632  -15.6692176788  -15.6996848313  -15.7150255387  -15.7285999161  -15.7495585828  -15.7757344536  -15.7992268387  -15.8017975513  -15.7642997695  -15.7015333713  -15.6275350874  -15.547244766  -15.4662015463  
-14.9987606406  -15.010286017  -15.0174552546  -15.0233159383  -15.0296005662  -15.0384597833  -15.0617388132  -15.1440925495  -15.2414867404  -15.3427429161  -15.4464066954  -15.55093511  -15.641035922  -15.6545873335  -15.6564802655  -15.6648213739  -15.6838351417  -15.7162580243  -15.7523109228  -15.7421994544  -15.7355530543  -15.7418740621  -15.757944056  -15.7788775967  -15.7874437989  -15.7253989336  -15.6458225022  -15.5607115705  -15.4699230899  -15.3736304638  
-14.9957625147  -15.0092023505  -15.0180204532  -15.0256494548  -15.0342156545  -15.046155205  -15.073456386  -15.1607757192  -15.2639053693  -15.3712254497  -15.4804896574  -15.5890849546  -15.6807071889  -15.6927530784  -15.6903790906  -15.6924301891  -15.7038364048  -15.7277021529  -15.7543375297  -15.7340336936  -15.7167192769  -15.7124124845  -15.7184908493  -15.7306068764  -15.7319056676  -15.6642821713  -15.5807169097  -15.4929778586  -15.4007096199  -15.3039689366  
-14.9870114864  -15.004521536  -15.0163167331  -15.0269048655  -15.0403075422  -15.0621132736  -15.1052689434  -15.1833112319  -15.2826838013  -15.3899974157  -15.4981158988  -15.5983183672  -15.6713628967  -15.6980889665  -15.6993841543  -15.6958629684  -15.6962706821  -15.7025907843  -15.7050208217  -15.6898833993  -15.6714386459  -15.6604586802  -15.6566212616  -15.6536756722  -15.6345462968  -15.5805047711  -15.505994704  -15.4242852471  -15.3396411598  -15.2572766825  
-14.9773777257  -14.9973174715  -15.0113705034  -15.0246958815  -15.0429276017  -15.0727299836  -15.1227478744  -15.1981701361  -15.2932671394  -15.3980865818  -15.5028353232  -15.5953499259  -15.6600267434  -15.6879432423  -15.6886097058  -15.6775909263  -15.6651384542  -15.6544980497  -15.6419585528  -15.6236564539  -15.604220133  -15.5888246504  -15.5770406856  -15.5630325666  -15.5361136208  -15.4885174889  -15.4249922548  -15.3540127558  -15.2816425034  -15.2146504488  
-14.9661935108  -14.9872651225  -15.0016972618  -15.0160994913  -15.0372329896  -15.0714826129  -15.1245853003  -15.1990069411  -15.291433004  -15.3943257645  -15.4973696381  -15.5866874633  -15.6467521512  -15.6698285811  -15.663118759  -15.640983087  -15.6146238408  -15.5891590467  -15.5650006993  -15.5415501489  -15.520022275  -15.5015927742  -15.4848262806  -15.4651239914  -15.4360598628  -15.3937451668  -15.3403357542  -15.2813101908  -15.2222034966  -15.1686223823  
-14.9528146549  -14.9732202026  -14.9851923936  -14.9981553066  -15.0197275272  -15.0555365921  -15.1095322717  -15.1830799113  -15.274013008  -15.3766506571  -15.4814546168  -15.5732047503  -15.6317906308  -15.6457296403  -15.6250605724  -15.5879844073  -15.5469751764  -15.5081188704  -15.4741012384  -15.4457872119  -15.4223826538  -15.4023377194  -15.3833887772  -15.3619819143  -15.333941663  -15.2970033834  -15.252773493  -15.2053209555  -15.1590283124  -15.1176074144  
-14.9367036021  -14.9533265978  -14.9589259651  -14.9678766858  -14.9878083597  -15.0231226892  -15.0764367442  -15.1485286246  -15.2381734098  -15.3416223339  -15.4515404253  -15.5529666971  -15.6155544514  -15.6147349816  -15.5729854673  -15.5182767324  -15.4628670385  -15.4118479024  -15.3692681268  -15.337737471  -15.3138900331  -15.2937529452  -15.2748116457  -15.2544460861  -15.2294631348  -15.1979609487  -15.1619797282  -15.1251858224  -15.0909469986  -15.0613790765  
-14.9174893107  -14.9233902015  -14.9185445926  -14.9222161698  -14.9394510114  -14.973002747  -15.0244227604  -15.0938819293  -15.1811934413  -15.2844827858  -15.3998448362  -15.5181753894  -15.5985770182  -15.5698861098  -15.5007848048  -15.4295286036  -15.3624423156  -15.3012449318  -15.2506521874  -15.2192862413  -15.1970052061  -15.1779311884  -15.1603467707  -15.1427921905  -15.1225104175  -15.0958975028  -15.0671959822  -15.0400242241  -15.016863015  -14.9993255914  
-14.8950004578  -14.8711711798  -14.8584788145  -14.8586129953  -14.8733726731  -14.9044622546  -14.9531745911  -15.0182208569  -15.1010823168  -15.2005898686  -15.3150554254  -15.4426072932  -15.5814743042  -15.4855776433  -15.3983642497  -15.3189250361  -15.2464299472  -15.1800121215  -15.1187496185  -15.094927456  -15.0744769523  -15.056632939  -15.0407462126  -15.0263332948  -15.0131750107  -14.9893740208  -14.9676534107  -14.949171426  -14.9354758624  -14.9282262302  
-14.7811758304  -14.7837580456  -14.7758436057  -14.7762666828  -14.7894942982  -14.8176449518  -14.8617368139  -14.9217210946  -14.9976588287  -15.0883993227  -15.1911345799  -15.298028281  -15.3692379767  -15.3339672918  -15.2604222197  -15.1859615871  -15.1162585674  -15.0529777214  -15.0011874167  -14.9697743801  -14.9485094456  -14.9313471449  -14.9168193875  -14.9043100517  -14.8921117734  -14.8771580585  -14.8632524168  -14.8527441305  -14.84650808  -14.8446471906  
-14.664360662  -14.6744607584  -14.6741423598  -14.6769051544  -14.6891983543  -14.7140960883  -14.7530469932  -14.8063087803  -14.8731465039  -14.9512895169  -15.0356503761  -15.1139631419  -15.1582487137  -15.144774256  -15.0948188985  -15.0341789737  -14.9736227888  -14.9182570284  -14.8731420234  -14.8415830841  -14.8198656886  -14.8033699223  -14.7899569839  -14.7788951668  -14.7694981454  -14.7612069342  -14.7550882011  -14.7520095726  -14.7519562364  -14.7539286632  
-14.5449874706  -14.5558856257  -14.5595199005  -14.5639526092  -14.5750032834  -14.5961864273  -14.6294124426  -14.6750321785  -14.7316367153  -14.7958495647  -14.8615616983  -14.9179529824  -14.9492468457  -14.9456030345  -14.9145230836  -14.8698257497  -14.8212460963  -14.7752548968  -14.7369893856  -14.708900344  -14.6891089518  -14.6741444218  -14.6619428422  -14.6523205431  -14.6460561904  -14.64370146  -14.6450207133  -14.6490937874  -14.6548618335  -14.6612120466  
-14.4236498674  -14.432547651  -14.4368373017  -14.4411831274  -14.4499939204  -14.4667081175  -14.4936976721  -14.5314980689  -14.5780220999  -14.6290378903  -14.6786353036  -14.7192363651  -14.7430100145  -14.7457066443  -14.7292455589  -14.6995394895  -14.6631763008  -14.626534276  -14.5955463015  -14.5732515983  -14.5578605771  -14.5457008104  -14.5348375324  -14.5261777671  -14.5226681556  -14.5262184789  -14.535207233  -14.5465141558  -14.5580344511  -14.5689917755  
-14.3010677075  -14.3066219509  -14.3094959154  -14.3120904854  -14.3174501686  -14.3287020131  -14.3489841034  -14.3795422288  -14.4172508406  -14.4569196907  -14.4932509588  -14.5216754064  -14.5403364235  -14.5489738396  -14.5453990453  -14.5293786769  -14.5042603939  -14.4757922209  -14.4518107106  -14.4374043812  -14.4289912175  -14.4209805599  -14.4113301556  -14.4022449924  -14.4003114829  -14.4104591766  -14.4282111183  -14.4470652335  -14.4640669169  -14.4790732172  
-14.1780452142  -14.1797934152  -14.1801868474  -14.1798585212  -14.1807782457  -14.1854499574  -14.1982760425  -14.223121706  -14.2541074088  -14.2847163748  -14.3103761225  -14.328236366  -14.3419940538  -14.3584233141  -14.3681076457  -14.3649346959  -14.3499475303  -14.3275367622  -14.3087012474  -14.3051813123  -14.306651595  -14.3039456425  -14.2952773244  -14.2833181746  -14.2799622957  -14.2990502646  -14.3274878499  -14.3539152043  -14.3756862388  -14.3933490883  
-14.0554250178  -14.054002668  -14.0513411049  -14.0473996027  -14.0435692621  -14.0411966082  -14.0442964192  -14.0669799888  -14.0932075938  -14.1169725971  -14.1348969129  -14.1439054246  -14.1486361063  -14.1790793616  -14.2024400329  -14.2113448086  -14.2063459693  -14.1889321066  -14.1688310068  -14.1832944434  -14.196208263  -14.1991177653  -14.1919946373  -14.1758948192  -14.162472492  -14.1982668182  -14.2377909419  -14.2703852465  -14.2958661998  -14.3148086885  
-13.9382693147  -13.9319544768  -13.9250725886  -13.9171377235  -13.9091301421  -13.9021789544  -13.9002781976  -13.9176405488  -13.9384387035  -13.9571064105  -13.9710722704  -13.9783837337  -13.9847425514  -14.0205895731  -14.0526581901  -14.0723836067  -14.0788900439  -14.0724015794  -14.0617674978  -14.0838537145  -14.1026331607  -14.1100414755  -14.1065178641  -14.0935072352  -14.0829227104  -14.1214461444  -14.1636542362  -14.1989111771  -14.2270493323  -14.2486661843  
-13.8273805497  -13.8146665233  -13.8027143831  -13.7906870402  -13.7792468953  -13.7702622915  -13.768131768  -13.7770375276  -13.7916587408  -13.806689721  -13.8199604424  -13.8321592238  -13.8504775683  -13.8832194079  -13.9194343805  -13.949180299  -13.9690494155  -13.9795760606  -13.9890947366  -14.0082048793  -14.0269365503  -14.0374111776  -14.0393110334  -14.0364815134  -14.0415720929  -14.0688247433  -14.105311871  -14.13972584  -14.1694578965  -14.1951280236  
-13.719289246  -13.7014977749  -13.6849093564  -13.6689650567  -13.6542751089  -13.6429917069  -13.6384898153  -13.642617642  -13.6528889463  -13.6657003665  -13.679635599  -13.6965912132  -13.721680693  -13.7578961518  -13.7999840889  -13.8403554136  -13.8744169113  -13.9013481038  -13.9244396864  -13.9469022058  -13.9660890753  -13.9789814638  -13.9861951554  -13.9918916994  -14.0038337127  -14.0275300396  -14.0587030764  -14.0908730552  -14.1211093744  -14.1494017812  
-13.6147047352  -13.5926768931  -13.5722939169  -13.5527658187  -13.5345687482  -13.5200496465  -13.5126014152  -13.5138976953  -13.5220109159  -13.5337999128  -13.5482929621  -13.5680676317  -13.5979940348  -13.640368786  -13.6912151104  -13.7436073494  -13.7921359647  -13.8339889271  -13.8684439458  -13.8957844623  -13.9163950892  -13.931243922  -13.9424993283  -13.9537162296  -13.969280878  -13.9917292912  -14.0195634952  -14.0495575496  -14.079544332  -14.1089513193  
-13.5142926741  -13.4889704064  -13.4659117609  -13.4432889123  -13.4211759404  -13.4023086827  -13.391516282  -13.3916212542  -13.3997380388  -13.4114719172  -13.4256761115  -13.4458102362  -13.4789126086  -13.5290436829  -13.5912182922  -13.6569986382  -13.7202013674  -13.776439396  -13.8214795784  -13.8532568884  -13.8747775579  -13.8907275915  -13.9046755605  -13.9194459341  -13.9372661927  -13.9592073665  -13.9849563212  -14.0132264423  -14.0426711171  -14.0724126041  
-13.4186596747  -13.3915134444  -13.367397991  -13.3424117538  -13.3160591272  -13.2912884547  -13.2761264063  -13.2772735667  -13.2879830971  -13.3005592814  -13.3133539107  -13.3304669754  -13.3638725406  -13.4236369503  -13.4996034395  -13.5793336649  -13.6569215989  -13.7278581146  -13.7837579941  -13.81786467  -13.8382488231  -13.8542155688  -13.8699516136  -13.8873969548  -13.907042626  -13.9286409583  -13.9528730234  -13.9798370266  -14.0087777901  -14.0387057549  
-13.3283120625  -13.3023056557  -13.2791034416  -13.2526457746  -13.2223883617  -13.1900932836  -13.1671396938  -13.1740052684  -13.1901193732  -13.2042004961  -13.2150667584  -13.2253917276  -13.2523191622  -13.3265743209  -13.4180329232  -13.5100475373  -13.5998916073  -13.6856834001  -13.7553679937  -13.7864362696  -13.8030112283  -13.8185911929  -13.8359042136  -13.8559669217  -13.8778890096  -13.8987977168  -13.9217243204  -13.9477640866  -13.9763657073  -14.0066979212  
