72.375	19.525	-22.2488651276
72.384	19.525	-21.9217815399
72.393	19.525	-21.1693305969
72.402	19.525	-20.6459407806
72.411	19.525	-20.5041751862
72.42	19.525	-20.4665184021
72.429	19.525	-20.1268901825
72.438	19.525	-20.3739566803
72.447	19.525	-19.9309387207
72.456	19.525	-19.3892402649
72.465	19.525	-19.0155010223
72.474	19.525	-19.0020885468
72.483	19.525	-19.2301673889
72.492	19.525	-19.4967842102
72.501	19.525	-18.5684127808
72.51	19.525	-17.6528339386
72.519	19.525	-17.1328487396
72.528	19.525	-16.9635734558
72.537	19.525	-16.531545639
72.546	19.525	-16.0594863892
72.555	19.525	-15.8195343018
72.564	19.525	-15.0421037674
72.573	19.525	-14.8710021973
72.582	19.525	-14.3286409378
72.591	19.525	-14.0021104813
72.6	19.525	-14.2490491867
72.609	19.525	-14.4920597076
72.618	19.525	-14.1578063965
72.627	19.525	-13.2936267853
72.636	19.525	-12.9605932236
72.645	19.525	-12.0249996185
72.654	19.525	-10.1549987793
72.663	19.525	-9.01685333252
72.672	19.525	-8.28277492523
72.681	19.525	-7.03732061386
72.69	19.525	-5.03102827072
72.699	19.525	-2.7410326004
72.708	19.525	-1.15970265865
72.717	19.525	-0.21568530798
72.726	19.525	0.0
72.735	19.525	0.0
72.744	19.525	9.10247612
72.753	19.525	7.16049528122
72.762	19.525	3.77442598343
72.771	19.525	4.86542224884
72.78	19.525	1.70882368088
72.789	19.525	0.772581934929
72.798	19.525	2.56440186501
72.807	19.525	3.68444442749
72.816	19.525	19.9430961609
72.375	19.516	-22.2123737335
72.384	19.516	-22.1722679138
72.393	19.516	-21.3531112671
72.402	19.516	-20.7009792328
72.411	19.516	-20.5798912048
72.42	19.516	-20.5774230957
72.429	19.516	-20.625535965
72.438	19.516	-20.8942184448
72.447	19.516	-20.4857158661
72.456	19.516	-19.9144306183
72.465	19.516	-19.589345932
72.474	19.516	-19.5788002014
72.483	19.516	-19.7715129852
72.492	19.516	-19.6884860992
72.501	19.516	-18.542722702
72.51	19.516	-17.7031669617
72.519	19.516	-17.15417099
72.528	19.516	-16.9275074005
72.537	19.516	-16.1597118378
72.546	19.516	-16.0004329681
72.555	19.516	-15.9263515472
72.564	19.516	-15.5962791443
72.573	19.516	-15.4268884659
72.582	19.516	-14.6597700119
72.591	19.516	-14.0060243607
72.6	19.516	-14.2125377655
72.609	19.516	-14.4199104309
72.618	19.516	-14.1438627243
72.627	19.516	-13.6819343567
72.636	19.516	-13.0868453979
72.645	19.516	-12.0226573944
72.654	19.516	-10.1545782089
72.663	19.516	-9.0055847168
72.672	19.516	-8.37274074554
72.681	19.516	-7.45350551605
72.69	19.516	-5.27169799805
72.699	19.516	-2.92528510094
72.708	19.516	-1.02985203266
72.717	19.516	-0.157335847616
72.726	19.516	0.0
72.735	19.516	0.0
72.744	19.516	4.80339193344
72.753	19.516	5.29493331909
72.762	19.516	3.80769491196
72.771	19.516	5.20905303955
72.78	19.516	1.0
72.789	19.516	0.7266690135
72.798	19.516	1.76497781277
72.807	19.516	1.23502218723
72.816	19.516	0.757629036903
72.375	19.507	-22.0
72.384	19.507	-21.9967632294
72.393	19.507	-21.7814731598
72.402	19.507	-21.6589202881
72.411	19.507	-21.6350955963
72.42	19.507	-21.1151313782
72.429	19.507	-20.9998779297
72.438	19.507	-20.999048233
72.447	19.507	-20.7915420532
72.456	19.507	-20.0488414764
72.465	19.507	-20.2151641846
72.474	19.507	-20.405128479
72.483	19.507	-19.9995155334
72.492	19.507	-19.4595165253
72.501	19.507	-18.7878952026
72.51	19.507	-18.2007675171
72.519	19.507	-17.7201499939
72.528	19.507	-17.0673007965
72.537	19.507	-16.1597118378
72.546	19.507	-16.0911045074
72.555	19.507	-16.6048984528
72.564	19.507	-16.5141029358
72.573	19.507	-15.7410526276
72.582	19.507	-14.8867607117
72.591	19.507	-14.3808469772
72.6	19.507	-14.0015096664
72.609	19.507	-14.0
72.618	19.507	-14.0
72.627	19.507	-13.9677829742
72.636	19.507	-13.1537303925
72.645	19.507	-11.5307893753
72.654	19.507	-10.0660419464
72.663	19.507	-8.93999958038
72.672	19.507	-7.92878341675
72.681	19.507	-6.83358001709
72.69	19.507	-4.80035352707
72.699	19.507	-2.48976063728
72.708	19.507	-0.525771796703
72.717	19.507	0.0
72.726	19.507	0.0
72.735	19.507	0.0
72.744	19.507	0.0
72.753	19.507	0.0
72.762	19.507	3.44195556641
72.771	19.507	1.87217772007
72.78	19.507	2.61391592026
72.789	19.507	1.71299540997
72.798	19.507	1.22646689415
72.807	19.507	0.0
72.816	19.507	0.0
72.375	19.498	-22.0
72.384	19.498	-22.0
72.393	19.498	-22.0
72.402	19.498	-21.9808216095
72.411	19.498	-21.4099998474
72.42	19.498	-21.0454998016
72.429	19.498	-20.914899826
72.438	19.498	-20.3302993774
72.447	19.498	-20.2060184479
72.456	19.498	-20.0127124786
72.465	19.498	-20.0850334167
72.474	19.498	-20.1601066589
72.483	19.498	-19.6596012115
72.492	19.498	-19.119600296
72.501	19.498	-18.5412006378
72.51	19.498	-18.080789566
72.519	19.498	-17.9565029144
72.528	19.498	-17.140001297
72.537	19.498	-16.1597118378
72.546	19.498	-16.0360031128
72.555	19.498	-16.3728046417
72.564	19.498	-16.9130992889
72.573	19.498	-16.4799995422
72.582	19.498	-15.489200592
72.591	19.498	-14.5788974762
72.6	19.498	-14.0022916794
72.609	19.498	-14.0
72.618	19.498	-14.0
72.627	19.498	-13.9677829742
72.636	19.498	-13.1401338577
72.645	19.498	-11.2749996185
72.654	19.498	-10.0199995041
72.663	19.498	-8.93999958038
72.672	19.498	-7.86000013351
72.681	19.498	-6.7107167244
72.69	19.498	-4.98847198486
72.699	19.498	-2.56302499771
72.708	19.498	-0.638557255268
72.717	19.498	0.0
72.726	19.498	0.0
72.735	19.498	0.0
72.744	19.498	0.0
72.753	19.498	0.0
72.762	19.498	0.0
72.771	19.498	0.0
72.78	19.498	0.0
72.789	19.498	0.0
72.798	19.498	0.0
72.807	19.498	0.0
72.816	19.498	0.993530392647
72.375	19.489	-21.9788627625
72.384	19.489	-21.9749298096
72.393	19.489	-21.5269374847
72.402	19.489	-21.1792564392
72.411	19.489	-20.4280586243
72.42	19.489	-20.2189540863
72.429	19.489	-20.1601428986
72.438	19.489	-19.9855155945
72.447	19.489	-19.9971523285
72.456	19.489	-20.0
72.465	19.489	-19.74559021
72.474	19.489	-19.2237491608
72.483	19.489	-19.100566864
72.492	19.489	-18.5605678558
72.501	19.489	-18.0582942963
72.51	19.489	-17.986913681
72.519	19.489	-17.9885082245
72.528	19.489	-17.6651077271
72.537	19.489	-16.2772216797
72.546	19.489	-16.0
72.555	19.489	-16.0401687622
72.564	19.489	-16.3751506805
72.573	19.489	-16.6978874207
72.582	19.489	-15.6323347092
72.591	19.489	-14.5798206329
72.6	19.489	-14.0022916794
72.609	19.489	-14.0
72.618	19.489	-14.015789032
72.627	19.489	-14.4648475647
72.636	19.489	-13.3035850525
72.645	19.489	-11.3065843582
72.654	19.489	-10.0256853104
72.663	19.489	-8.93999958038
72.672	19.489	-7.86000013351
72.681	19.489	-6.78827238083
72.69	19.489	-5.63726186752
72.699	19.489	-3.69241166115
72.708	19.489	-1.69913315773
72.717	19.489	-0.803771734238
72.726	19.489	-0.547839522362
72.735	19.489	-0.616941928864
72.744	19.489	-1.36428964138
72.753	19.489	-0.728357195854
72.762	19.489	0.0
72.771	19.489	0.0
72.78	19.489	1.0
72.789	19.489	0.693577289581
72.798	19.489	0.239970505238
72.807	19.489	2.01048159599
72.816	19.489	1.91342222691
72.375	19.48	-21.5894012451
72.384	19.48	-21.6469268799
72.393	19.48	-21.8534889221
72.402	19.48	-20.7014141083
72.411	19.48	-20.0567359924
72.42	19.48	-19.9386463165
72.429	19.48	-19.2923812866
72.438	19.48	-19.2960414886
72.447	19.48	-19.8852901459
72.456	19.48	-19.9959926605
72.465	19.48	-19.6997489929
72.474	19.48	-19.052564621
72.483	19.48	-18.6236953735
72.492	19.48	-18.083694458
72.501	19.48	-17.5436115265
72.51	19.48	-17.7712688446
72.519	19.48	-17.9644165039
72.528	19.48	-17.2758464813
72.537	19.48	-16.2494564056
72.546	19.48	-16.0097084045
72.555	19.48	-15.9851808548
72.564	19.48	-15.9613876343
72.573	19.48	-15.8613052368
72.582	19.48	-15.0942363739
72.591	19.48	-14.5296983719
72.6	19.48	-14.0021038055
72.609	19.48	-13.9993772507
72.618	19.48	-13.9515790939
72.627	19.48	-14.0087537766
72.636	19.48	-13.1308050156
72.645	19.48	-11.8127422333
72.654	19.48	-10.1193742752
72.663	19.48	-8.93999958038
72.672	19.48	-7.87652683258
72.681	19.48	-7.2572016716
72.69	19.48	-7.02163696289
72.699	19.48	-4.78255367279
72.708	19.48	-2.35229611397
72.717	19.48	-0.667813241482
72.726	19.48	-0.129524812102
72.735	19.48	-0.0974278151989
72.744	19.48	-0.122707597911
72.753	19.48	-0.0692747831345
72.762	19.48	0.0
72.771	19.48	1.0
72.78	19.48	1.64311230183
72.789	19.48	0.806222200394
72.798	19.48	1.69301140308
72.807	19.48	2.19377779961
72.816	19.48	2.17991113663
72.375	19.471	-21.4980792999
72.384	19.471	-21.5039329529
72.393	19.471	-21.9354381561
72.402	19.471	-21.1645736694
72.411	19.471	-20.1851863861
72.42	19.471	-19.9249992371
72.429	19.471	-19.1350002289
72.438	19.471	-19.0214939117
72.447	19.471	-19.3081245422
72.456	19.471	-19.9578876495
72.465	19.471	-19.9546470642
72.474	19.471	-19.5325050354
72.483	19.471	-18.5400009155
72.492	19.471	-18.0
72.501	19.471	-17.9875984192
72.51	19.471	-17.9937858582
72.519	19.471	-17.9565029144
72.528	19.471	-17.2030143738
72.537	19.471	-16.7975940704
72.546	19.471	-16.1020488739
72.555	19.471	-15.8442335129
72.564	19.471	-15.1470899582
72.573	19.471	-14.9839458466
72.582	19.471	-14.6269674301
72.591	19.471	-14.0829877853
72.6	19.471	-13.9407110214
72.609	19.471	-13.8756914139
72.618	19.471	-13.4045639038
72.627	19.471	-13.0262832642
72.636	19.471	-12.2925777435
72.645	19.471	-11.2282676697
72.654	19.471	-10.0387210846
72.663	19.471	-8.95839309692
72.672	19.471	-8.14506340027
72.681	19.471	-8.22188091278
72.69	19.471	-7.83675336838
72.699	19.471	-4.93090963364
72.708	19.471	-2.21000289917
72.717	19.471	-0.452816665173
72.726	19.471	0.0
72.735	19.471	0.0
72.744	19.471	0.0
72.753	19.471	9.34674167633
72.762	19.471	0.0
72.771	19.471	0.0
72.78	19.471	2.30943393707
72.789	19.471	2.13545680046
72.798	19.471	0.771733343601
72.807	19.471	1.0
72.816	19.471	13.6671152115
72.375	19.462	-21.5785903931
72.384	19.462	-21.2231826782
72.393	19.462	-21.6154918671
72.402	19.462	-21.2182941437
72.411	19.462	-20.3353042603
72.42	19.462	-19.9651012421
72.429	19.462	-19.2737522125
72.438	19.462	-19.1604061127
72.447	19.462	-19.3347263336
72.456	19.462	-19.9158172607
72.465	19.462	-19.8963947296
72.474	19.462	-19.617559433
72.483	19.462	-18.6137866974
72.492	19.462	-18.0737876892
72.501	19.462	-18.4582958221
72.51	19.462	-18.2296867371
72.519	19.462	-17.9565029144
72.528	19.462	-17.2131595612
72.537	19.462	-16.9002895355
72.546	19.462	-16.118478775
72.555	19.462	-15.8191566467
72.564	19.462	-14.8421001434
72.573	19.462	-14.1004056931
72.582	19.462	-14.0659589767
72.591	19.462	-14.0004253387
72.6	19.462	-13.6287117004
72.609	19.462	-13.2588319778
72.618	19.462	-13.074968338
72.627	19.462	-12.3600482941
72.636	19.462	-11.9822101593
72.645	19.462	-11.1000013351
72.654	19.462	-10.0199995041
72.663	19.462	-9.07943630219
72.672	19.462	-8.87343597412
72.681	19.462	-8.77354717255
72.69	19.462	-7.8446969986
72.699	19.462	-4.65710067749
72.708	19.462	-1.76820349693
72.717	19.462	-0.323596030474
72.726	19.462	0.0
72.735	19.462	0.0
72.744	19.462	0.180997788906
72.753	19.462	5.59182214737
72.762	19.462	6.12822246552
72.771	19.462	5.53288793564
72.78	19.462	3.18068671227
72.789	19.462	0.880574464798
72.798	19.462	1.59182226658
72.807	19.462	3.2286221981
72.816	19.462	12.4138374329
72.375	19.453	-21.963388443
72.384	19.453	-21.9189491272
72.393	19.453	-21.3783855438
72.402	19.453	-21.0189647675
72.411	19.453	-20.9102916718
72.42	19.453	-20.1567630768
72.429	19.453	-19.961391449
72.438	19.453	-20.086763382
72.447	19.453	-19.9566020966
72.456	19.453	-19.7471542358
72.465	19.453	-19.3315734863
72.474	19.453	-19.4848175049
72.483	19.453	-18.9664459229
72.492	19.453	-18.4264450073
72.501	19.453	-18.0452251434
72.51	19.453	-18.0203819275
72.519	19.453	-17.8089313507
72.528	19.453	-17.1521892548
72.537	19.453	-16.7425880432
72.546	19.453	-16.0637607574
72.555	19.453	-15.6619377136
72.564	19.453	-14.811460495
72.573	19.453	-14.0
72.582	19.453	-14.0
72.591	19.453	-14.0
72.6	19.453	-13.9633617401
72.609	19.453	-13.9200172424
72.618	19.453	-13.3136339188
72.627	19.453	-12.292216301
72.636	19.453	-11.9601345062
72.645	19.453	-11.1159715652
72.654	19.453	-10.2041959763
72.663	19.453	-9.27493667603
72.672	19.453	-8.82616519928
72.681	19.453	-8.05969238281
72.69	19.453	-7.16036939621
72.699	19.453	-4.3542637825
72.708	19.453	-1.48242235184
72.717	19.453	-0.354945242405
72.726	19.453	-0.0423198863864
72.735	19.453	0.0
72.744	19.453	0.0
72.753	19.453	9.76426696777
72.762	19.453	7.19694852829
72.771	19.453	7.98308849335
72.78	19.453	2.40071105957
72.789	19.453	1.49804127216
72.798	19.453	0.2282666713
72.807	19.453	5.48462200165
72.816	19.453	8.46058654785
72.375	19.444	-22.1316890717
72.384	19.444	-22.1056861877
72.393	19.444	-21.5273704529
72.402	19.444	-21.2555713654
72.411	19.444	-21.0305938721
72.42	19.444	-20.3717784882
72.429	19.444	-20.1455478668
72.438	19.444	-20.7182197571
72.447	19.444	-20.0647583008
72.456	19.444	-19.7311058044
72.465	19.444	-19.0409088135
72.474	19.444	-19.0260925293
72.483	19.444	-18.8793087006
72.492	19.444	-18.339307785
72.501	19.444	-18.0
72.51	19.444	-17.9897251129
72.519	19.444	-17.2928619385
72.528	19.444	-16.9389724731
72.537	19.444	-16.1910896301
72.546	19.444	-15.8724098206
72.555	19.444	-15.1121273041
72.564	19.444	-14.8393478394
72.573	19.444	-14.2623720169
72.582	19.444	-14.1723585129
72.591	19.444	-14.0011119843
72.6	19.444	-14.0
72.609	19.444	-13.9924068451
72.618	19.444	-13.3400001526
72.627	19.444	-12.292216301
72.636	19.444	-11.9705944061
72.645	19.444	-11.368601799
72.654	19.444	-10.8837690353
72.663	19.444	-9.90419578552
72.672	19.444	-8.85738658905
72.681	19.444	-7.79131555557
72.69	19.444	-6.49413824081
72.699	19.444	-4.57216596603
72.708	19.444	-2.26712179184
72.717	19.444	-0.881562113762
72.726	19.444	-0.328781545162
72.735	19.444	-0.144850596786
72.744	19.444	-0.0329390279949
72.753	19.444	9.37742233276
72.762	19.444	6.16391944885
72.771	19.444	5.2776889801
72.78	19.444	8.34698295593
72.789	19.444	1.49596524239
72.798	19.444	6.85788631439
72.807	19.444	1.62257778645
72.816	19.444	0.636444449425
72.375	19.435	-22.6513137817
72.384	19.435	-22.6017875671
72.393	19.435	-22.3031234741
72.402	19.435	-22.2743091583
72.411	19.435	-21.5107154846
72.42	19.435	-20.9956550598
72.429	19.435	-20.4448451996
72.438	19.435	-20.5478076935
72.447	19.435	-20.046749115
72.456	19.435	-19.7311058044
72.465	19.435	-19.0270519257
72.474	19.435	-19.0
72.483	19.435	-18.6859970093
72.492	19.435	-18.3126907349
72.501	19.435	-17.9259147644
72.51	19.435	-17.6872024536
72.519	19.435	-17.4095115662
72.528	19.435	-17.2129497528
72.537	19.435	-16.2090110779
72.546	19.435	-15.8615217209
72.555	19.435	-15.0808439255
72.564	19.435	-15.0660295486
72.573	19.435	-15.2197399139
72.582	19.435	-14.6521635056
72.591	19.435	-14.0042028427
72.6	19.435	-14.0
72.609	19.435	-13.8157091141
72.618	19.435	-13.0379323959
72.627	19.435	-12.2020120621
72.636	19.435	-12.0119600296
72.645	19.435	-12.1268472672
72.654	19.435	-10.7934808731
72.663	19.435	-9.67915534973
72.672	19.435	-8.84095954895
72.681	19.435	-7.78000020981
72.69	19.435	-6.79445934296
72.699	19.435	-6.17242145538
72.708	19.435	-4.84403371811
72.717	19.435	-2.07740497589
72.726	19.435	-0.852049171925
72.735	19.435	-0.693966209888
72.744	19.435	-0.191634550691
72.753	19.435	0.23573333025
72.762	19.435	6.40680170059
72.771	19.435	2.69845294952
72.78	19.435	8.71288871765
72.789	19.435	4.17317152023
72.798	19.435	7.64460372925
72.807	19.435	1.87893331051
72.816	19.435	0.266475141048
72.375	19.426	-22.6200008392
72.384	19.426	-22.6200008392
72.393	19.426	-22.6200008392
72.402	19.426	-22.603931427
72.411	19.426	-22.1115989685
72.42	19.426	-21.4599990845
72.429	19.426	-20.9362983704
72.438	19.426	-20.0949993134
72.447	19.426	-20.0
72.456	19.426	-19.8332862854
72.465	19.426	-19.2724933624
72.474	19.426	-19.0007991791
72.483	19.426	-19.0
72.492	19.426	-19.0
72.501	19.426	-17.9955997467
72.51	19.426	-17.3825740814
72.519	19.426	-17.5567588806
72.528	19.426	-17.5014820099
72.537	19.426	-16.258731842
72.546	19.426	-15.8615217209
72.555	19.426	-15.0808439255
72.564	19.426	-15.1364622116
72.573	19.426	-15.4588003159
72.582	19.426	-14.6588306427
72.591	19.426	-14.0042390823
72.6	19.426	-14.0
72.609	19.426	-13.4228858948
72.618	19.426	-12.5959501266
72.627	19.426	-12.1110420227
72.636	19.426	-12.0247173309
72.645	19.426	-12.3149995804
72.654	19.426	-10.238699913
72.663	19.426	-9.09500026703
72.672	19.426	-8.79831886292
72.681	19.426	-7.88147783279
72.69	19.426	-7.39816951752
72.699	19.426	-7.62084197998
72.708	19.426	-7.2278175354
72.717	19.426	-3.91854524612
72.726	19.426	-1.777099967
72.735	19.426	-1.18845355511
72.744	19.426	-0.304666787386
72.753	19.426	0.0
72.762	19.426	7.43813848495
72.771	19.426	0.0733817368746
72.78	19.426	8.46647548676
72.789	19.426	4.77926683426
72.798	19.426	8.20023441315
72.807	19.426	0.0
72.816	19.426	0.00226057483815
72.375	19.417	-22.0
72.384	19.417	-22.0
72.393	19.417	-22.0
72.402	19.417	-22.0
72.411	19.417	-22.0
72.42	19.417	-21.9594993591
72.429	19.417	-21.3649997711
72.438	19.417	-20.1387004852
72.447	19.417	-20.0
72.456	19.417	-20.1236896515
72.465	19.417	-19.9700603485
72.474	19.417	-19.0030708313
72.483	19.417	-19.0
72.492	19.417	-19.0
72.501	19.417	-18.6652011871
72.51	19.417	-18.1322059631
72.519	19.417	-17.2434902191
72.528	19.417	-16.6322002411
72.537	19.417	-16.4269104004
72.546	19.417	-15.9160223007
72.555	19.417	-14.9976549149
72.564	19.417	-14.5584459305
72.573	19.417	-14.5399999619
72.582	19.417	-14.512553215
72.591	19.417	-14.4603395462
72.6	19.417	-14.2289457321
72.609	19.417	-13.4275932312
72.618	19.417	-12.9884119034
72.627	19.417	-12.6029777527
72.636	19.417	-12.1011381149
72.645	19.417	-11.8500013351
72.654	19.417	-10.1549987793
72.663	19.417	-9.09500026703
72.672	19.417	-8.79831886292
72.681	19.417	-8.04704856873
72.69	19.417	-8.0
72.699	19.417	-8.0
72.708	19.417	-7.53999996185
72.717	19.417	-5.2001247406
72.726	19.417	-3.20629620552
72.735	19.417	-1.79662668705
72.744	19.417	-0.714410483837
72.753	19.417	-0.0664816349745
72.762	19.417	3.64758014679
72.771	19.417	0.0251274425536
72.78	19.417	8.50151157379
72.789	19.417	5.65220689774
72.798	19.417	10.0382270813
72.807	19.417	1.12782490253
72.816	19.417	6.06814098358
72.375	19.408	-22.0
72.384	19.408	-21.6919250488
72.393	19.408	-21.4599990845
72.402	19.408	-21.4599990845
72.411	19.408	-21.4788990021
72.42	19.408	-21.905500412
72.429	19.408	-21.8320999146
72.438	19.408	-20.5949993134
72.447	19.408	-20.0365161896
72.456	19.408	-20.1236915588
72.465	19.408	-19.9700603485
72.474	19.408	-19.0030708313
72.483	19.408	-18.7516002655
72.492	19.408	-18.4599990845
72.501	19.408	-18.794801712
72.51	19.408	-18.2999992371
72.519	19.408	-17.2199993134
72.528	19.408	-16.2468109131
72.537	19.408	-16.3406658173
72.546	19.408	-15.9160223007
72.555	19.408	-14.9000005722
72.564	19.408	-14.0401000977
72.573	19.408	-14.0
72.582	19.408	-14.1578149796
72.591	19.408	-14.4580507278
72.6	19.408	-14.2289466858
72.609	19.408	-13.7366924286
72.618	19.408	-13.5400009155
72.627	19.408	-13.5077829361
72.636	19.408	-12.7383384705
72.645	19.408	-11.9849996567
72.654	19.408	-10.6220998764
72.663	19.408	-9.55130004883
72.672	19.408	-8.83162784576
72.681	19.408	-8.04704856873
72.69	19.408	-8.0
72.699	19.408	-8.0
72.708	19.408	-7.53999996185
72.717	19.408	-5.97530460358
72.726	19.408	-4.67997264862
72.735	19.408	-2.86681699753
72.744	19.408	-1.34831130505
72.753	19.408	-0.200235784054
72.762	19.408	5.017619133
72.771	19.408	0.0231268499047
72.78	19.408	8.60871124268
72.789	19.408	3.96585774422
72.798	19.408	6.96035003662
72.807	19.408	2.12106657028
72.816	19.408	1.05066537857
72.375	19.399	-21.6925201416
72.384	19.399	-21.1684913635
72.393	19.399	-21.0036258698
72.402	19.399	-21.0010566711
72.411	19.399	-21.0134296417
72.42	19.399	-21.3165493011
72.429	19.399	-21.3395729065
72.438	19.399	-20.8814506531
72.447	19.399	-20.0676250458
72.456	19.399	-19.834280014
72.465	19.399	-19.2748813629
72.474	19.399	-19.0008068085
72.483	19.399	-18.5400009155
72.492	19.399	-18.0
72.501	19.399	-18.6177082062
72.51	19.399	-18.2988510132
72.519	19.399	-17.2199993134
72.528	19.399	-16.2131595612
72.537	19.399	-15.9389162064
72.546	19.399	-15.4063301086
72.555	19.399	-14.8504743576
72.564	19.399	-14.0409145355
72.573	19.399	-14.1629753113
72.582	19.399	-14.4042463303
72.591	19.399	-14.0062932968
72.6	19.399	-14.0036973953
72.609	19.399	-14.0083494186
72.618	19.399	-14.3948707581
72.627	19.399	-14.5643501282
72.636	19.399	-13.3183879852
72.645	19.399	-12.1036977768
72.654	19.399	-11.0941476822
72.663	19.399	-10.4986782074
72.672	19.399	-9.47977161407
72.681	19.399	-8.66606044769
72.69	19.399	-8.41467666626
72.699	19.399	-8.00744152069
72.708	19.399	-7.82179832458
72.717	19.399	-6.74179840088
72.726	19.399	-5.464884758
72.735	19.399	-3.77142381668
72.744	19.399	-1.85525512695
72.753	19.399	-0.265813171864
72.762	19.399	2.31735181808
72.771	19.399	1.30409228802
72.78	19.399	3.12144732475
72.789	19.399	6.11830615997
72.798	19.399	7.38413715363
72.807	19.399	1.17866206169
72.816	19.399	0.0
72.375	19.39	-21.8494224548
72.384	19.39	-21.6841773987
72.393	19.39	-21.659318924
72.402	19.39	-21.1922130585
72.411	19.39	-21.0
72.42	19.39	-21.0
72.429	19.39	-21.0
72.438	19.39	-20.8449993134
72.447	19.39	-20.0676250458
72.456	19.39	-19.7385654449
72.465	19.39	-19.0540370941
72.474	19.39	-19.0171375275
72.483	19.39	-18.5400009155
72.492	19.39	-18.0
72.501	19.39	-18.2031955719
72.51	19.39	-18.0911083221
72.519	19.39	-17.2199993134
72.528	19.39	-16.2131595612
72.537	19.39	-15.9673213959
72.546	19.39	-15.6218414307
72.555	19.39	-14.8989973068
72.564	19.39	-14.2096967697
72.573	19.39	-14.757475853
72.582	19.39	-14.8865528107
72.591	19.39	-14.68542099
72.6	19.39	-14.6860046387
72.609	19.39	-14.6747531891
72.618	19.39	-14.8809423447
72.627	19.39	-14.9384870529
72.636	19.39	-13.9182243347
72.645	19.39	-12.7743444443
72.654	19.39	-11.7539453506
72.663	19.39	-11.0408010483
72.672	19.39	-10.5185337067
72.681	19.39	-9.56752109528
72.69	19.39	-8.93037796021
72.699	19.39	-8.4141254425
72.708	19.39	-7.6907582283
72.717	19.39	-6.59578132629
72.726	19.39	-5.43962287903
72.735	19.39	-3.62190151215
72.744	19.39	-1.6585111618
72.753	19.39	-0.187310516834
72.762	19.39	2.73498916626
72.771	19.39	6.69600915909
72.78	19.39	8.49809551239
72.789	19.39	0.581773757935
72.798	19.39	0.494044452906
72.807	19.39	0.265777766705
72.816	19.39	3.97226667404
72.375	19.381	-22.3426456451
72.384	19.381	-22.2931995392
72.393	19.381	-21.981678009
72.402	19.381	-21.3194084167
72.411	19.381	-21.0104637146
72.42	19.381	-21.0
72.429	19.381	-21.0
72.438	19.381	-20.8449993134
72.447	19.381	-20.0676250458
72.456	19.381	-19.9277572632
72.465	19.381	-19.7386035919
72.474	19.381	-19.4704856873
72.483	19.381	-18.5886650085
72.492	19.381	-18.0223846436
72.501	19.381	-18.0
72.51	19.381	-17.9892711639
72.519	19.381	-17.2221164703
72.528	19.381	-16.251449585
72.537	19.381	-16.0438117981
72.546	19.381	-15.9685611725
72.555	19.381	-15.5810117722
72.564	19.381	-14.8665714264
72.573	19.381	-15.0
72.582	19.381	-15.0166950226
72.591	19.381	-15.3380737305
72.6	19.381	-15.3624277115
72.609	19.381	-15.0
72.618	19.381	-14.9843063354
72.627	19.381	-14.4737167358
72.636	19.381	-14.0192041397
72.645	19.381	-13.1548500061
72.654	19.381	-12.6582021713
72.663	19.381	-11.8628339767
72.672	19.381	-11.5326566696
72.681	19.381	-10.5113353729
72.69	19.381	-9.51980876923
72.699	19.381	-8.61772823334
72.708	19.381	-7.53999996185
72.717	19.381	-6.06507921219
72.726	19.381	-4.7987742424
72.735	19.381	-3.00769090652
72.744	19.381	-1.21744775772
72.753	19.381	-0.125861719251
72.762	19.381	4.87209367752
72.771	19.381	2.35939908028
72.78	19.381	5.81564426422
72.789	19.381	29.9219551086
72.798	19.381	1.25562727451
72.807	19.381	2.55111074448
72.816	19.381	1.98613333702
72.375	19.372	-22.103767395
72.384	19.372	-22.0886821747
72.393	19.372	-21.9947433472
72.402	19.372	-21.786233902
72.411	19.372	-21.1586380005
72.42	19.372	-21.054851532
72.429	19.372	-21.058839798
72.438	19.372	-20.851316452
72.447	19.372	-20.0676250458
72.456	19.372	-20.0
72.465	19.372	-19.9782562256
72.474	19.372	-19.8547554016
72.483	19.372	-19.2976112366
72.492	19.372	-18.4009189606
72.501	19.372	-18.02526474
72.51	19.372	-17.9892711639
72.519	19.372	-17.2545166016
72.528	19.372	-16.8326644897
72.537	19.372	-16.6651554108
72.546	19.372	-16.0861358643
72.555	19.372	-15.9626579285
72.564	19.372	-15.6417760849
72.573	19.372	-15.066485405
72.582	19.372	-15.3159132004
72.591	19.372	-15.8498268127
72.6	19.372	-15.4642972946
72.609	19.372	-15.0
72.618	19.372	-14.9785404205
72.627	19.372	-14.292216301
72.636	19.372	-13.9627847672
72.645	19.372	-13.224864006
72.654	19.372	-12.9775838852
72.663	19.372	-12.6402721405
72.672	19.372	-11.8431625366
72.681	19.372	-10.7800006866
72.69	19.372	-9.69999980927
72.699	19.372	-8.61999988556
72.708	19.372	-7.53999996185
72.717	19.372	-5.87356853485
72.726	19.372	-4.47763872147
72.735	19.372	-2.76733660698
72.744	19.372	-1.13396906853
72.753	19.372	-0.136203944683
72.762	19.372	5.01359558105
72.771	19.372	1.78385603428
72.78	19.372	0.922844469547
72.789	19.372	11.026345253
72.798	19.372	7.29823064804
72.807	19.372	1.75786662102
72.816	19.372	0.486836254597
72.375	19.363	-22.0016231537
72.384	19.363	-21.9990978241
72.393	19.363	-21.9246864319
72.402	19.363	-21.3654212952
72.411	19.363	-21.0628986359
72.42	19.363	-21.6971244812
72.429	19.363	-21.7478256226
72.438	19.363	-20.9400005341
72.447	19.363	-20.1364746094
72.456	19.363	-20.0046443939
72.465	19.363	-19.7236404419
72.474	19.363	-19.1567764282
72.483	19.363	-19.0837001801
72.492	19.363	-18.9162998199
72.501	19.363	-18.3799991608
72.51	19.363	-18.0187911987
72.519	19.363	-17.2635002136
72.528	19.363	-16.9381809235
72.537	19.363	-16.2745018005
72.546	19.363	-16.0183639526
72.555	19.363	-16.0
72.564	19.363	-15.9658842087
72.573	19.363	-15.845000267
72.582	19.363	-15.8655843735
72.591	19.363	-15.5865659714
72.6	19.363	-15.0788640976
72.609	19.363	-15.0
72.618	19.363	-14.9785404205
72.627	19.363	-14.292216301
72.636	19.363	-13.9938201904
72.645	19.363	-13.8087501526
72.654	19.363	-13.0169000626
72.663	19.363	-12.1965246201
72.672	19.363	-11.7378988266
72.681	19.363	-10.750161171
72.69	19.363	-9.60778427124
72.699	19.363	-8.56190299988
72.708	19.363	-7.53999996185
72.717	19.363	-5.52086257935
72.726	19.363	-3.48592305183
72.735	19.363	-2.07805204391
72.744	19.363	-1.13158404827
72.753	19.363	-0.276221930981
72.762	19.363	0.0
72.771	19.363	0.412622213364
72.78	19.363	1.14471113682
72.789	19.363	8.47388744354
72.798	19.363	10.8252449036
72.807	19.363	5.9505777359
72.816	19.363	0.598821163177
72.375	19.354	-22.0019207001
72.384	19.354	-21.9158630371
72.393	19.354	-21.3848285675
72.402	19.354	-21.1257839203
72.411	19.354	-21.059299469
72.42	19.354	-21.7136249542
72.429	19.354	-21.7655258179
72.438	19.354	-21.0434246063
72.447	19.354	-20.6111888885
72.456	19.354	-20.0003681183
72.465	19.354	-19.5857524872
72.474	19.354	-19.0018196106
72.483	19.354	-19.0
72.492	19.354	-19.0
72.501	19.354	-18.8449993134
72.51	19.354	-18.2223186493
72.519	19.354	-17.2635002136
72.528	19.354	-16.9268417358
72.537	19.354	-16.1597118378
72.546	19.354	-16.0
72.555	19.354	-15.9755859375
72.564	19.354	-15.9001274109
72.573	19.354	-16.0
72.582	19.354	-15.6963768005
72.591	19.354	-15.0699644089
72.6	19.354	-15.0002641678
72.609	19.354	-14.9227256775
72.618	19.354	-14.8464374542
72.627	19.354	-14.2484178543
72.636	19.354	-13.8946819305
72.645	19.354	-13.7899999619
72.654	19.354	-12.9005250931
72.663	19.354	-11.9449996948
72.672	19.354	-11.1191673279
72.681	19.354	-10.4094285965
72.69	19.354	-8.83697986603
72.699	19.354	-8.07878398895
72.708	19.354	-7.53999996185
72.717	19.354	-5.53676223755
72.726	19.354	-3.11317706108
72.735	19.354	-1.28112816811
72.744	19.354	-0.312127500772
72.753	19.354	-0.048643540591
72.762	19.354	0.0
72.771	19.354	0.0
72.78	19.354	0.0
72.789	19.354	4.35911130905
72.798	19.354	7.692237854
72.807	19.354	9.87893295288
72.816	19.354	6.38915538788
72.375	19.345	-21.9140834808
72.384	19.345	-21.3980674744
72.393	19.345	-21.1535186768
72.402	19.345	-21.6865882874
72.411	19.345	-21.201499939
72.42	19.345	-21.0487499237
72.429	19.345	-20.9149990082
72.438	19.345	-20.7158737183
72.447	19.345	-20.1101455688
72.456	19.345	-19.7549419403
72.465	19.345	-19.0754947662
72.474	19.345	-19.0001583099
72.483	19.345	-19.0
72.492	19.345	-19.0
72.501	19.345	-18.4265003204
72.51	19.345	-17.8938312531
72.519	19.345	-17.2097740173
72.528	19.345	-16.80194664
72.537	19.345	-16.1317615509
72.546	19.345	-16.0
72.555	19.345	-15.8327188492
72.564	19.345	-15.2771682739
72.573	19.345	-15.8249998093
72.582	19.345	-15.5419607162
72.591	19.345	-15.0034971237
72.6	19.345	-14.9120979309
72.609	19.345	-14.3956947327
72.618	19.345	-14.0696353912
72.627	19.345	-13.8738918304
72.636	19.345	-13.2329235077
72.645	19.345	-12.8687496185
72.654	19.345	-12.1576251984
72.663	19.345	-11.7208757401
72.672	19.345	-10.8643321991
72.681	19.345	-9.78470993042
72.69	19.345	-8.5899553299
72.699	19.345	-8.00697612762
72.708	19.345	-7.62050008774
72.717	19.345	-6.00514888763
72.726	19.345	-3.53614664078
72.735	19.345	-1.1168435812
72.744	19.345	-0.161844298244
72.753	19.345	0.0
72.762	19.345	0.0
72.771	19.345	0.0
72.78	19.345	0.0
72.789	19.345	0.0
72.798	19.345	2.71164441109
72.807	19.345	5.39644432068
72.816	19.345	9.01111793518
72.375	19.336	-21.6254806519
72.384	19.336	-21.2371501923
72.393	19.336	-21.6962299347
72.402	19.336	-21.9640750885
72.411	19.336	-21.2150001526
72.42	19.336	-20.9276256561
72.429	19.336	-20.1900005341
72.438	19.336	-20.1908245087
72.447	19.336	-20.0169067383
72.456	19.336	-19.7311058044
72.465	19.336	-19.0270519257
72.474	19.336	-19.0
72.483	19.336	-18.9011001587
72.492	19.336	-18.7849998474
72.501	19.336	-18.2982997894
72.51	19.336	-17.3344783783
72.519	19.336	-16.9672470093
72.528	19.336	-16.253868103
72.537	19.336	-16.1648139954
72.546	19.336	-16.025472641
72.555	19.336	-15.8580379486
72.564	19.336	-15.2068605423
72.573	19.336	-15.0349998474
72.582	19.336	-15.0229921341
72.591	19.336	-15.0001487732
72.6	19.336	-14.515288353
72.609	19.336	-14.0133323669
72.618	19.336	-13.846619606
72.627	19.336	-13.2461080551
72.636	19.336	-12.8100671768
72.645	19.336	-12.1636247635
72.654	19.336	-11.9184751511
72.663	19.336	-11.282500267
72.672	19.336	-10.7703781128
72.681	19.336	-9.3748292923
72.69	19.336	-8.07475948334
72.699	19.336	-8.00029563904
72.708	19.336	-7.88500022888
72.717	19.336	-6.17976999283
72.726	19.336	-3.19838953018
72.735	19.336	-1.22261714935
72.744	19.336	-0.167373612523
72.753	19.336	0.0
72.762	19.336	0.0
72.771	19.336	0.0
72.78	19.336	0.0
72.789	19.336	0.0
72.798	19.336	0.701488435268
72.807	19.336	9.12106704712
72.816	19.336	0.0151288416237
72.375	19.327	-22.1318683624
72.384	19.327	-22.0935115814
72.393	19.327	-21.8114433289
72.402	19.327	-21.8918800354
72.411	19.327	-21.2150001526
72.42	19.327	-20.9465618134
72.429	19.327	-20.4624633789
72.438	19.327	-20.8012504578
72.447	19.327	-20.2144393921
72.456	19.327	-19.4717216492
72.465	19.327	-18.7395515442
72.474	19.327	-18.822353363
72.483	19.327	-18.5526485443
72.492	19.327	-18.0275001526
72.501	19.327	-18.0104503632
72.51	19.327	-17.3076457977
72.519	19.327	-16.744758606
72.528	19.327	-16.0178394318
72.537	19.327	-16.6742935181
72.546	19.327	-16.1152210236
72.555	19.327	-15.9950275421
72.564	19.327	-15.759554863
72.573	19.327	-15.0
72.582	19.327	-15.0
72.591	19.327	-15.0
72.6	19.327	-14.4977073669
72.609	19.327	-13.8302316666
72.618	19.327	-13.2683401108
72.627	19.327	-12.7824792862
72.636	19.327	-12.1770124435
72.645	19.327	-12.0263748169
72.654	19.327	-12.2124614716
72.663	19.327	-11.851688385
72.672	19.327	-10.6621694565
72.681	19.327	-8.84591007233
72.69	19.327	-8.03011226654
72.699	19.327	-8.0
72.708	19.327	-7.68489980698
72.717	19.327	-5.61706161499
72.726	19.327	-3.09000277519
72.735	19.327	-1.35783565044
72.744	19.327	-0.315256804228
72.753	19.327	-0.0303475838155
72.762	19.327	0.0
72.771	19.327	0.0
72.78	19.327	0.0
72.789	19.327	0.0
72.798	19.327	0.0
72.807	19.327	0.983822226524
72.816	19.327	4.96764421463
72.375	19.318	-22.3113002777
72.384	19.318	-22.2604579926
72.393	19.318	-21.6145935059
72.402	19.318	-21.8061008453
72.411	19.318	-21.4975452423
72.42	19.318	-21.3314399719
72.429	19.318	-21.0336437225
72.438	19.318	-20.9392280579
72.447	19.318	-20.3883171082
72.456	19.318	-19.1716079712
72.465	19.318	-18.40691185
72.474	19.318	-18.6168174744
72.483	19.318	-18.5400009155
72.492	19.318	-18.0
72.501	19.318	-18.0
72.51	19.318	-17.3040752411
72.519	19.318	-16.4997673035
72.528	19.318	-15.6852149963
72.537	19.318	-16.3749790192
72.546	19.318	-16.0758342743
72.555	19.318	-16.0
72.564	19.318	-15.7798995972
72.573	19.318	-15.0
72.582	19.318	-15.0
72.591	19.318	-15.0
72.6	19.318	-14.4977073669
72.609	19.318	-13.4388494492
72.618	19.318	-12.9861717224
72.627	19.318	-12.3056812286
72.636	19.318	-12.0043821335
72.645	19.318	-12.0465106964
72.654	19.318	-12.4651050568
72.663	19.318	-11.9039125443
72.672	19.318	-10.7309103012
72.681	19.318	-9.17004299164
72.69	19.318	-8.27070903778
72.699	19.318	-8.00304317474
72.708	19.318	-7.82526445389
72.717	19.318	-5.90156841278
72.726	19.318	-3.76616859436
72.735	19.318	-2.07024645805
72.744	19.318	-0.751160383224
72.753	19.318	-0.110251501203
72.762	19.318	0.0
72.771	19.318	0.0
72.78	19.318	0.0
72.789	19.318	0.0
72.798	19.318	0.0
72.807	19.318	0.0
72.816	19.318	0.0
72.375	19.309	-22.0046443939
72.384	19.309	-21.9998111725
72.393	19.309	-21.7274780273
72.402	19.309	-21.8743839264
72.411	19.309	-21.9927368164
72.42	19.309	-21.9486351013
72.429	19.309	-21.4556903839
72.438	19.309	-20.8872127533
72.447	19.309	-20.0724067688
72.456	19.309	-19.7227611542
72.465	19.309	-19.1581878662
72.474	19.309	-19.4226322174
72.483	19.309	-18.9692516327
72.492	19.309	-18.1974563599
72.501	19.309	-18.0
72.51	19.309	-17.3106307983
72.519	19.309	-16.9496879578
72.528	19.309	-16.2052612305
72.537	19.309	-16.0053730011
72.546	19.309	-16.0010967255
72.555	19.309	-15.922372818
72.564	19.309	-15.4623403549
72.573	19.309	-15.0
72.582	19.309	-15.1472663879
72.591	19.309	-15.4274320602
72.6	19.309	-14.7113513947
72.609	19.309	-13.4275932312
72.618	19.309	-12.9785404205
72.627	19.309	-12.292216301
72.636	19.309	-12.0
72.645	19.309	-12.0006942749
72.654	19.309	-12.0069389343
72.663	19.309	-11.8458795547
72.672	19.309	-10.8581342697
72.681	19.309	-9.77118396759
72.69	19.309	-8.69379520416
72.699	19.309	-8.0083770752
72.708	19.309	-7.54425573349
72.717	19.309	-6.13749885559
72.726	19.309	-4.68190956116
72.735	19.309	-3.00825023651
72.744	19.309	-1.12588047981
72.753	19.309	-0.147089198232
72.762	19.309	0.0
72.771	19.309	0.0
72.78	19.309	0.0
72.789	19.309	4.34787511826
72.798	19.309	0.0
72.807	19.309	0.0
72.816	19.309	0.0
72.375	19.3	-22.0021858215
72.384	19.3	-21.9914474487
72.393	19.3	-21.3785171509
72.402	19.3	-21.7140808105
72.411	19.3	-22.0
72.42	19.3	-21.9626636505
72.429	19.3	-21.5113868713
72.438	19.3	-20.8910694122
72.447	19.3	-20.0674762726
72.456	19.3	-19.8649673462
72.465	19.3	-19.8384513855
72.474	19.3	-20.3054943085
72.483	19.3	-19.5400009155
72.492	19.3	-18.4599990845
72.501	19.3	-18.0
72.51	19.3	-17.6485404968
72.519	19.3	-17.1109390259
72.528	19.3	-16.5706253052
72.537	19.3	-16.0814743042
72.546	19.3	-16.0002593994
72.555	19.3	-15.9091825485
72.564	19.3	-15.4088640213
72.573	19.3	-15.0021858215
72.582	19.3	-15.3445129395
72.591	19.3	-15.7845783234
72.6	19.3	-14.748790741
72.609	19.3	-13.7087659836
72.618	19.3	-13.1691627502
72.627	19.3	-12.6285238266
72.636	19.3	-12.1094522476
72.645	19.3	-12.0
72.654	19.3	-11.9427509308
72.663	19.3	-11.4713001251
72.672	19.3	-10.8276844025
72.681	19.3	-9.77989768982
72.69	19.3	-8.86393260956
72.699	19.3	-8.30868244171
72.708	19.3	-7.54100513458
72.717	19.3	-6.7310051918
72.726	19.3	-5.35566282272
72.735	19.3	-3.89271020889
72.744	19.3	-1.98687064648
72.753	19.3	-0.632695913315
72.762	19.3	-0.0547858998179
72.771	19.3	0.0
72.78	19.3	0.0
72.789	19.3	52.6111984253
72.798	19.3	9.10353088379
72.807	19.3	1.0
72.816	19.3	1.01386666298
72.375	19.291	-22.5726795197
72.384	19.291	-22.2406463623
72.393	19.291	-21.3856964111
72.402	19.291	-21.716173172
72.411	19.291	-21.9997444153
72.42	19.291	-21.9195098877
72.429	19.291	-21.0681533813
72.438	19.291	-20.4154891968
72.447	19.291	-20.0288963318
72.456	19.291	-20.0
72.465	19.291	-20.3246574402
72.474	19.291	-20.6112861633
72.483	19.291	-19.5400009155
72.492	19.291	-18.4599990845
72.501	19.291	-18.0
72.51	19.291	-17.9954147339
72.519	19.291	-17.6852779388
72.528	19.291	-17.4995212555
72.537	19.291	-16.6760177612
72.546	19.291	-16.0743045807
72.555	19.291	-16.0059947968
72.564	19.291	-15.9062395096
72.573	19.291	-15.5726795197
72.582	19.291	-15.7167730331
72.591	19.291	-15.5697660446
72.6	19.291	-14.4999828339
72.609	19.291	-13.9924621582
72.618	19.291	-13.3659772873
72.627	19.291	-12.9701576233
72.636	19.291	-12.2255764008
72.645	19.291	-12.0067710876
72.654	19.291	-11.8859882355
72.663	19.291	-11.0073690414
72.672	19.291	-10.3818531036
72.681	19.291	-9.75340080261
72.69	19.291	-9.02930641174
72.699	19.291	-8.61154460907
72.708	19.291	-7.80343294144
72.717	19.291	-7.57267951965
72.726	19.291	-6.68084859848
72.735	19.291	-5.18533754349
72.744	19.291	-3.31028413773
72.753	19.291	-1.61938881874
72.762	19.291	-0.411971092224
72.771	19.291	-0.0356086827815
72.78	19.291	0.0
72.789	19.291	2.10951113701
72.798	19.291	46.3734169006
72.807	19.291	1.55502223969
72.816	19.291	6.1162147522
72.375	19.282	-23.0093460083
72.384	19.282	-22.7952194214
72.393	19.282	-22.0166397095
72.402	19.282	-21.9001159668
72.411	19.282	-21.9772262573
72.42	19.282	-21.4370098114
72.429	19.282	-20.9332370758
72.438	19.282	-20.1034584045
72.447	19.282	-20.0074043274
72.456	19.282	-20.0004558563
72.465	19.282	-20.1142539978
72.474	19.282	-20.2151260376
72.483	19.282	-19.5400009155
72.492	19.282	-18.465045929
72.501	19.282	-18.0035514832
72.51	19.282	-18.0
72.519	19.282	-18.0
72.528	19.282	-17.9268417358
72.537	19.282	-17.1248760223
72.546	19.282	-16.6907482147
72.555	19.282	-16.5260848999
72.564	19.282	-16.0257167816
72.573	19.282	-16.0
72.582	19.282	-15.7767753601
72.591	19.282	-15.2038974762
72.6	19.282	-14.5032024384
72.609	19.282	-14.0013437271
72.618	19.282	-13.7629652023
72.627	19.282	-13.1788768768
72.636	19.282	-12.7274627686
72.645	19.282	-12.602555275
72.654	19.282	-11.9809236526
72.663	19.282	-11.0487480164
72.672	19.282	-10.5415534973
72.681	19.282	-9.7635641098
72.69	19.282	-9.02930641174
72.699	19.282	-8.61154460907
72.708	19.282	-8.0
72.717	19.282	-8.0
72.726	19.282	-7.38000011444
72.735	19.282	-6.07918453217
72.744	19.282	-4.32249641418
72.753	19.282	-2.03008437157
72.762	19.282	-0.646626293659
72.771	19.282	-0.0619115456939
72.78	19.282	0.0
72.789	19.282	7.59518575668
72.798	19.282	19.3848896027
72.807	19.282	46.6672058105
72.816	19.282	0.903301298618
72.375	19.273	-23.7399845123
72.384	19.273	-23.3130474091
72.393	19.273	-22.3673629761
72.402	19.273	-22.002363205
72.411	19.273	-21.9652881622
72.42	19.273	-21.1811981201
72.429	19.273	-20.9702663422
72.438	19.273	-20.7572212219
72.447	19.273	-20.5815258026
72.456	19.273	-20.043636322
72.465	19.273	-20.0055618286
72.474	19.273	-20.0000171661
72.483	19.273	-19.5400009155
72.492	19.273	-18.8506755829
72.501	19.273	-18.2749195099
72.51	19.273	-18.0
72.519	19.273	-18.0
72.528	19.273	-17.9268417358
72.537	19.273	-17.1588859558
72.546	19.273	-16.8925304413
72.555	19.273	-16.2782382965
72.564	19.273	-16.0107574463
72.573	19.273	-16.0
72.582	19.273	-15.6569223404
72.591	19.273	-15.0042390823
72.6	19.273	-14.8652534485
72.609	19.273	-14.3175525665
72.618	19.273	-13.9815273285
72.627	19.273	-13.292216301
72.636	19.273	-13.0
72.645	19.273	-12.9798803329
72.654	19.273	-12.6529521942
72.663	19.273	-11.714597702
72.672	19.273	-10.8512077332
72.681	19.273	-9.78605747223
72.69	19.273	-9.02954769135
72.699	19.273	-8.61154460907
72.708	19.273	-8.0
72.717	19.273	-8.0
72.726	19.273	-7.38000011444
72.735	19.273	-6.29895925522
72.744	19.273	-4.58277606964
72.753	19.273	-2.04536557198
72.762	19.273	-0.652631402016
72.771	19.273	-0.0588037595153
72.78	19.273	0.747173428535
72.789	19.273	4.53479909897
72.798	19.273	20.9116306305
72.807	19.273	59.729434967
72.816	19.273	1.00472331047
72.375	19.264	-24.7835597992
72.384	19.264	-24.2049999237
72.393	19.264	-23.1298141479
72.402	19.264	-22.2485313416
72.411	19.264	-22.0
72.42	19.264	-21.7637500763
72.429	19.264	-21.1059741974
72.438	19.264	-21.0
72.447	19.264	-20.9553623199
72.456	19.264	-20.7955112457
72.465	19.264	-20.5397109985
72.474	19.264	-20.0232028961
72.483	19.264	-19.5400009155
72.492	19.264	-18.5760993958
72.501	19.264	-18.0816993713
72.51	19.264	-18.0
72.519	19.264	-18.0
72.528	19.264	-17.9268417358
72.537	19.264	-17.0814380646
72.546	19.264	-16.2782325745
72.555	19.264	-16.0110530853
72.564	19.264	-15.9741077423
72.573	19.264	-16.0
72.582	19.264	-15.6689300537
72.591	19.264	-15.0390901566
72.6	19.264	-15.0174198151
72.609	19.264	-14.8709716797
72.618	19.264	-14.2630367279
72.627	19.264	-13.315861702
72.636	19.264	-13.0076951981
72.645	19.264	-13.0
72.654	19.264	-12.8850011826
72.663	19.264	-12.061674118
72.672	19.264	-11.5965805054
72.681	19.264	-10.3647146225
72.69	19.264	-9.07476043701
72.699	19.264	-8.62543582916
72.708	19.264	-8.0188999176
72.717	19.264	-7.9811000824
72.726	19.264	-7.36670017242
72.735	19.264	-6.28002071381
72.744	19.264	-4.53244113922
72.753	19.264	-2.04033780098
72.762	19.264	-0.650030553341
72.771	19.264	-0.0658810138702
72.78	19.264	0.0
72.789	19.264	33.1953887939
72.798	19.264	15.2929773331
72.807	19.264	34.1928825378
72.816	19.264	1.76657772064
72.375	19.255	-24.9998073578
72.384	19.255	-24.4200000763
72.393	19.255	-23.3558654785
72.402	19.255	-22.8528499603
72.411	19.255	-22.1771240234
72.42	19.255	-21.9249992371
72.429	19.255	-21.1350002289
72.438	19.255	-21.0
72.447	19.255	-21.0
72.456	19.255	-21.0
72.465	19.255	-20.9423847198
72.474	19.255	-20.5094146729
72.483	19.255	-19.5400009155
72.492	19.255	-18.4599990845
72.501	19.255	-18.0
72.51	19.255	-18.0
72.519	19.255	-18.0
72.528	19.255	-17.9268417358
72.537	19.255	-17.0599994659
72.546	19.255	-16.118478775
72.555	19.255	-15.8510150909
72.564	19.255	-15.3737649918
72.573	19.255	-15.9238319397
72.582	19.255	-15.8895244598
72.591	19.255	-15.8242559433
72.6	19.255	-15.4482870102
72.609	19.255	-15.0255537033
72.618	19.255	-14.4046802521
72.627	19.255	-13.8734817505
72.636	19.255	-13.2375173569
72.645	19.255	-13.0133285522
72.654	19.255	-12.8850011826
72.663	19.255	-12.0831947327
72.672	19.255	-11.7422113419
72.681	19.255	-10.7293710709
72.69	19.255	-9.61209011078
72.699	19.255	-8.98446846008
72.708	19.255	-8.44486999512
72.717	19.255	-7.59626150131
72.726	19.255	-7.09588766098
72.735	19.255	-5.78273391724
72.744	19.255	-3.94493126869
72.753	19.255	-1.99217331409
72.762	19.255	-0.626728177071
72.771	19.255	-0.0613648928702
72.78	19.255	0.0
72.789	19.255	8.96572113037
72.798	19.255	56.6885223389
72.807	19.255	1.0
72.816	19.255	1.12622225285
72.375	19.246	-25.001657486
72.384	19.246	-24.4200000763
72.393	19.246	-23.3592586517
72.402	19.246	-22.9740829468
72.411	19.246	-22.2150001526
72.42	19.246	-21.9249992371
72.429	19.246	-21.1350002289
72.438	19.246	-21.0
72.447	19.246	-21.0
72.456	19.246	-21.0
72.465	19.246	-21.0
72.474	19.246	-20.6178970337
72.483	19.246	-19.5400009155
72.492	19.246	-18.5231761932
72.501	19.246	-18.1169910431
72.51	19.246	-18.1157360077
72.519	19.246	-18.030828476
72.528	19.246	-17.9268417358
72.537	19.246	-17.0716667175
72.546	19.246	-16.2216072083
72.555	19.246	-15.9361467361
72.564	19.246	-15.1872425079
72.573	19.246	-15.2235622406
72.582	19.246	-15.4334287643
72.591	19.246	-15.9963417053
72.6	19.246	-15.8724279404
72.609	19.246	-15.3179531097
72.618	19.246	-14.8965167999
72.627	19.246	-14.3268070221
72.636	19.246	-13.8844470978
72.645	19.246	-13.1510257721
72.654	19.246	-12.8850011826
72.663	19.246	-11.9793672562
72.672	19.246	-11.2487726212
72.681	19.246	-10.7761440277
72.69	19.246	-10.0592308044
72.699	19.246	-9.52991676331
72.708	19.246	-8.59381580353
72.717	19.246	-7.97984075546
72.726	19.246	-7.32794332504
72.735	19.246	-5.67982816696
72.744	19.246	-3.47827601433
72.753	19.246	-1.85624098778
72.762	19.246	-0.254167556763
72.771	19.246	-0.0055492776446
72.78	19.246	0.0
72.789	19.246	7.96833705902
72.798	19.246	16.6212310791
72.807	19.246	0.0213251784444
72.816	19.246	0.0326251126826
72.375	19.237	-25.0019207001
72.384	19.237	-24.4200000763
72.393	19.237	-23.3592586517
72.402	19.237	-22.9740829468
72.411	19.237	-22.2150001526
72.42	19.237	-21.9249992371
72.429	19.237	-21.1350002289
72.438	19.237	-21.0
72.447	19.237	-21.0
72.456	19.237	-21.0
72.465	19.237	-21.0
72.474	19.237	-20.6178970337
72.483	19.237	-19.6119709015
72.492	19.237	-19.0198841095
72.501	19.237	-19.0005455017
72.51	19.237	-18.9441432953
72.519	19.237	-18.3465080261
72.528	19.237	-17.9716377258
72.537	19.237	-17.2659626007
72.546	19.237	-16.933506012
72.555	19.237	-16.7509918213
72.564	19.237	-16.0593891144
72.573	19.237	-15.6686201096
72.582	19.237	-15.2921800613
72.591	19.237	-15.8399658203
72.6	19.237	-15.3897008896
72.609	19.237	-14.9743442535
72.618	19.237	-14.9979295731
72.627	19.237	-14.9026184082
72.636	19.237	-14.1587915421
72.645	19.237	-13.1750001907
72.654	19.237	-12.9029922485
72.663	19.237	-12.1973924637
72.672	19.237	-11.7369146347
72.681	19.237	-11.0585327148
72.69	19.237	-10.7607002258
72.699	19.237	-9.77564334869
72.708	19.237	-9.04011631012
72.717	19.237	-8.41562843323
72.726	19.237	-7.38000011444
72.735	19.237	-5.77897262573
72.744	19.237	-3.87344002724
72.753	19.237	-1.93187534809
72.762	19.237	-0.171230629086
72.771	19.237	0.0
72.78	19.237	7.67199993134
72.789	19.237	3.46499705315
72.798	19.237	0.771733343601
72.807	19.237	0.0881777778268
72.816	19.237	0.0
72.375	19.228	-25.0019207001
72.384	19.228	-24.4220218658
72.393	19.228	-23.4916934967
72.402	19.228	-23.0405330658
72.411	19.228	-22.3748207092
72.42	19.228	-21.9782733917
72.429	19.228	-21.3193264008
72.438	19.228	-21.2130947113
72.447	19.228	-21.2130947113
72.456	19.228	-21.1557941437
72.465	19.228	-21.0057640076
72.474	19.228	-20.6993217468
72.483	19.228	-20.0814476013
72.492	19.228	-19.5414466858
72.501	19.228	-19.6556587219
72.51	19.228	-19.2872333527
72.519	19.228	-18.9058475494
72.528	19.228	-18.1922302246
72.537	19.228	-17.8674049377
72.546	19.228	-17.2976646423
72.555	19.228	-17.1998748779
72.564	19.228	-16.8920173645
72.573	19.228	-15.7399997711
72.582	19.228	-15.0281543732
72.591	19.228	-14.9823818207
72.6	19.228	-14.4652328491
72.609	19.228	-14.4833030701
72.618	19.228	-14.9229755402
72.627	19.228	-14.9677829742
72.636	19.228	-14.1800003052
72.645	19.228	-13.1750001907
72.654	19.228	-12.9915943146
72.663	19.228	-12.7901792526
72.672	19.228	-11.8984689713
72.681	19.228	-11.4407367706
72.69	19.228	-11.5766811371
72.699	19.228	-10.5469064713
72.708	19.228	-9.50052928925
72.717	19.228	-8.57507038116
72.726	19.228	-7.59309434891
72.735	19.228	-6.32294559479
72.744	19.228	-4.42615604401
72.753	19.228	-2.30304288864
72.762	19.228	-0.330636948347
72.771	19.228	-0.0127905933186
72.78	19.228	12.5695056915
72.789	19.228	0.664533317089
72.798	19.228	2.13907027245
72.807	19.228	20.3395557404
72.816	19.228	0.0
72.375	19.219	-25.0019207001
72.384	19.219	-24.4290485382
72.393	19.219	-23.9569015503
72.402	19.219	-23.4548587799
72.411	19.219	-22.9966888428
72.42	19.219	-22.3833065033
72.429	19.219	-22.2262954712
72.438	19.219	-22.1786727905
72.447	19.219	-21.971408844
72.456	19.219	-21.6970233917
72.465	19.219	-21.0257911682
72.474	19.219	-20.9821853638
72.483	19.219	-20.5148239136
72.492	19.219	-19.9748249054
72.501	19.219	-19.9822845459
72.51	19.219	-19.4916419983
72.519	19.219	-19.0383529663
72.528	19.219	-18.4034423828
72.537	19.219	-18.0379333496
72.546	19.219	-17.9589042664
72.555	19.219	-17.95337677
72.564	19.219	-17.5234394073
72.573	19.219	-15.7399997711
72.582	19.219	-15.0030765533
72.591	19.219	-14.5955400467
72.6	19.219	-14.0253887177
72.609	19.219	-14.0319013596
72.618	19.219	-14.4908647537
72.627	19.219	-14.8898715973
72.636	19.219	-14.1800003052
72.645	19.219	-13.1750001907
72.654	19.219	-12.9693384171
72.663	19.219	-12.6450338364
72.672	19.219	-11.9820604324
72.681	19.219	-11.7139453888
72.69	19.219	-11.4905071259
72.699	19.219	-10.6177453995
72.708	19.219	-9.54000091553
72.717	19.219	-8.9748249054
72.726	19.219	-8.33337974548
72.735	19.219	-6.74997711182
72.744	19.219	-4.83840465546
72.753	19.219	-2.84635066986
72.762	19.219	-0.92442715168
72.771	19.219	-0.0675333365798
72.78	19.219	6.23548126221
72.789	19.219	9.40214633942
72.798	19.219	0.925688862801
72.807	19.219	0.0
72.816	19.219	1.70709311962
72.375	19.21	-25.0019207001
72.384	19.21	-24.6103649139
72.393	19.21	-24.3106060028
72.402	19.21	-24.0612201691
72.411	19.21	-23.4485187531
72.42	19.21	-23.0414237976
72.429	19.21	-23.0194206238
72.438	19.21	-23.117521286
72.447	19.21	-22.3176860809
72.456	19.21	-21.8318576813
72.465	19.21	-21.2318267822
72.474	19.21	-21.000667572
72.483	19.21	-20.685836792
72.492	19.21	-20.1458377838
72.501	19.21	-20.0
72.51	19.21	-19.9777088165
72.519	19.21	-19.2582683563
72.528	19.21	-18.914680481
72.537	19.21	-18.1569900513
72.546	19.21	-18.0
72.555	19.21	-17.9426651001
72.564	19.21	-17.325252533
72.573	19.21	-15.7399997711
72.582	19.21	-15.0030765533
72.591	19.21	-14.575761795
72.6	19.21	-14.0022916794
72.609	19.21	-14.1816043854
72.618	19.21	-14.342209816
72.627	19.21	-14.7731895447
72.636	19.21	-14.1800003052
72.645	19.21	-13.1512212753
72.654	19.21	-12.6491794586
72.663	19.21	-12.0776615143
72.672	19.21	-11.8028068542
72.681	19.21	-10.9786205292
72.69	19.21	-10.7036800385
72.699	19.21	-10.4178056717
72.708	19.21	-9.54000091553
72.717	19.21	-9.0
72.726	19.21	-8.37999916077
72.735	19.21	-7.06095266342
72.744	19.21	-5.40010356903
72.753	19.21	-3.11616110802
72.762	19.21	-1.1881095171
72.771	19.21	-0.14554207027
72.78	19.21	0.456765621901
72.789	19.21	5.98244476318
72.798	19.21	0.134728059173
72.807	19.21	1.0
72.816	19.21	4.38204431534
72.375	19.201	-24.8111896515
72.384	19.201	-24.8367938995
72.393	19.201	-24.9807415009
72.402	19.201	-24.2859191895
72.411	19.201	-23.9783000946
72.42	19.201	-23.4884986877
72.429	19.201	-23.4949989319
72.438	19.201	-24.1299991608
72.447	19.201	-23.2399997711
72.456	19.201	-22.3267116547
72.465	19.201	-21.6832275391
72.474	19.201	-21.0021038055
72.483	19.201	-20.8251991272
72.492	19.201	-20.285200119
72.501	19.201	-20.0
72.51	19.201	-19.7314243317
72.519	19.201	-19.1633682251
72.528	19.201	-18.9268417358
72.537	19.201	-18.1597118378
72.546	19.201	-17.9473781586
72.555	19.201	-17.469877243
72.564	19.201	-16.4400005341
72.573	19.201	-15.4588003159
72.582	19.201	-15.0019083023
72.591	19.201	-14.7369728088
72.6	19.201	-14.3814201355
72.609	19.201	-14.7348918915
72.618	19.201	-15.0
72.627	19.201	-14.9800252914
72.636	19.201	-14.4764509201
72.645	19.201	-13.451499939
72.654	19.201	-12.1863002777
72.663	19.201	-11.9411001205
72.672	19.201	-11.5183973312
72.681	19.201	-10.7621221542
72.69	19.201	-10.0293064117
72.699	19.201	-9.85238742828
72.708	19.201	-9.33479976654
72.717	19.201	-8.79479980469
72.726	19.201	-7.99999952316
72.735	19.201	-6.48556900024
72.744	19.201	-4.78611946106
72.753	19.201	-2.89893531799
72.762	19.201	-1.43627166748
72.771	19.201	-0.219523578882
72.78	19.201	0.0
72.789	19.201	4.00808238983
72.798	19.201	0.0
72.807	19.201	1.0
72.816	19.201	4.00669813156
72.375	19.192	-24.5008831024
72.384	19.192	-24.3080749512
72.393	19.192	-24.5296001434
72.402	19.192	-24.1543960571
72.411	19.192	-24.0
72.42	19.192	-24.0
72.429	19.192	-24.0621013641
72.438	19.192	-24.4050006866
72.447	19.192	-23.8288936615
72.456	19.192	-22.7800006866
72.465	19.192	-21.6999988556
72.474	19.192	-21.0021038055
72.483	19.192	-20.5400009155
72.492	19.192	-20.0
72.501	19.192	-19.7148017883
72.51	19.192	-19.1677932739
72.519	19.192	-19.0
72.528	19.192	-18.9268417358
72.537	19.192	-18.1597118378
72.546	19.192	-17.8615226746
72.555	19.192	-16.9000015259
72.564	19.192	-15.921245575
72.573	19.192	-15.3403997421
72.582	19.192	-15.0014152527
72.591	19.192	-15.0
72.6	19.192	-15.0
72.609	19.192	-15.0
72.618	19.192	-15.0
72.627	19.192	-15.0
72.636	19.192	-14.9601345062
72.645	19.192	-14.0595006943
72.654	19.192	-12.6149997711
72.663	19.192	-11.9599990845
72.672	19.192	-11.4005346298
72.681	19.192	-10.7545948029
72.69	19.192	-10.0293064117
72.699	19.192	-9.79023361206
72.708	19.192	-9.46000003815
72.717	19.192	-8.92000007629
72.726	19.192	-7.84000015259
72.735	19.192	-6.43688392639
72.744	19.192	-4.2794547081
72.753	19.192	-2.49998021126
72.762	19.192	-1.25409531593
72.771	19.192	-0.19843249023
72.78	19.192	0.0
72.789	19.192	0.0
72.798	19.192	9.99492359161
72.807	19.192	13.6758995056
72.816	19.192	11.3619556427
72.375	19.183	-24.7698459625
72.384	19.183	-24.0
72.393	19.183	-23.9896011353
72.402	19.183	-23.6143951416
72.411	19.183	-23.4788990021
72.42	19.183	-23.9054985046
72.429	19.183	-24.0
72.438	19.183	-24.0
72.447	19.183	-23.7923774719
72.456	19.183	-22.7800006866
72.465	19.183	-21.6999988556
72.474	19.183	-21.0021038055
72.483	19.183	-20.5400009155
72.492	19.183	-20.0
72.501	19.183	-19.3799991608
72.51	19.183	-19.0
72.519	19.183	-19.0
72.528	19.183	-18.9268417358
72.537	19.183	-18.1597118378
72.546	19.183	-17.8615226746
72.555	19.183	-16.9000015259
72.564	19.183	-16.0401000977
72.573	19.183	-15.8804006577
72.582	19.183	-15.5414152145
72.591	19.183	-15.3109111786
72.6	19.183	-15.2724752426
72.609	19.183	-15.5400009155
72.618	19.183	-15.5400009155
72.627	19.183	-15.522603035
72.636	19.183	-15.0788621902
72.645	19.183	-14.1000013351
72.654	19.183	-13.0820999146
72.663	19.183	-12.5
72.672	19.183	-11.9405345917
72.681	19.183	-11.2945947647
72.69	19.183	-10.3914804459
72.699	19.183	-10.0045661926
72.708	19.183	-10.0
72.717	19.183	-9.75159931183
72.726	19.183	-8.58519935608
72.735	19.183	-6.97679328918
72.744	19.183	-4.75695419312
72.753	19.183	-2.82945561409
72.762	19.183	-1.36742687225
72.771	19.183	-0.148788005114
72.78	19.183	0.0
72.789	19.183	0.0
72.798	19.183	8.09475517273
72.807	19.183	8.7903881073
72.816	19.183	3.2648973465
72.375	19.174	-25.3104610443
72.384	19.174	-24.6141147614
72.393	19.174	-24.2154216766
72.402	19.174	-23.7286491394
72.411	19.174	-23.6333007812
72.42	19.174	-23.8869991302
72.429	19.174	-23.4636993408
72.438	19.174	-23.3799991608
72.447	19.174	-23.1723747253
72.456	19.174	-22.3267116547
72.465	19.174	-21.6832294464
72.474	19.174	-21.0021038055
72.483	19.174	-20.8252010345
72.492	19.174	-20.285200119
72.501	19.174	-19.3799991608
72.51	19.174	-19.0
72.519	19.174	-18.9730300903
72.528	19.174	-18.4843578339
72.537	19.174	-18.0606899261
72.546	19.174	-17.8615226746
72.555	19.174	-16.9000015259
72.564	19.174	-16.0401000977
72.573	19.174	-16.0
72.582	19.174	-16.0
72.591	19.174	-15.8387889862
72.6	19.174	-15.8117418289
72.609	19.174	-16.0
72.618	19.174	-16.0
72.627	19.174	-15.9677829742
72.636	19.174	-15.1800003052
72.645	19.174	-14.1464996338
72.654	19.174	-13.6000003815
72.663	19.174	-13.0
72.672	19.174	-12.6434383392
72.681	19.174	-12.3529529572
72.69	19.174	-11.3199996948
72.699	19.174	-10.3876132965
72.708	19.174	-10.0
72.717	19.174	-9.66520023346
72.726	19.174	-8.90880012512
72.735	19.174	-7.48494577408
72.744	19.174	-5.26342201233
72.753	19.174	-3.10387444496
72.762	19.174	-1.32145833969
72.771	19.174	-0.112479940057
72.78	19.174	0.0
72.789	19.174	0.0
72.798	19.174	7.26590824127
72.807	19.174	5.0
72.816	19.174	2.99776172638
72.375	19.165	-25.5376815796
72.384	19.165	-25.0443820953
72.393	19.165	-24.8118858337
72.402	19.165	-24.2165489197
72.411	19.165	-23.98229599
72.42	19.165	-23.435760498
72.429	19.165	-23.0469379425
72.438	19.165	-22.8951969147
72.447	19.165	-22.3023281097
72.456	19.165	-22.015832901
72.465	19.165	-21.6729488373
72.474	19.165	-21.0021038055
72.483	19.165	-21.0
72.492	19.165	-20.4599990845
72.501	19.165	-19.3947811127
72.51	19.165	-19.0074062347
72.519	19.165	-18.9565029144
72.528	19.165	-18.2131595612
72.537	19.165	-18.0
72.546	19.165	-17.864824295
72.555	19.165	-17.0398807526
72.564	19.165	-16.6900997162
72.573	19.165	-16.676158905
72.582	19.165	-16.676158905
72.591	19.165	-16.3994216919
72.6	19.165	-16.0133609772
72.609	19.165	-16.0
72.618	19.165	-16.0
72.627	19.165	-15.9677829742
72.636	19.165	-15.1800003052
72.645	19.165	-14.1750001907
72.654	19.165	-13.9627580643
72.663	19.165	-13.6021194458
72.672	19.165	-13.0417070389
72.681	19.165	-12.7329521179
72.69	19.165	-11.6999998093
72.699	19.165	-10.6292610168
72.708	19.165	-9.71280765533
72.717	19.165	-9.15993309021
72.726	19.165	-8.59556293488
72.735	19.165	-7.87606573105
72.744	19.165	-6.07647609711
72.753	19.165	-3.23527812958
72.762	19.165	-1.23267412186
72.771	19.165	-0.102021604776
72.78	19.165	0.527113497257
72.789	19.165	9.02963256836
72.798	19.165	1.05422222614
72.807	19.165	1.88549780846
72.816	19.165	0.0
72.375	19.156	-26.6719207764
72.384	19.156	-26.4763126373
72.393	19.156	-25.9745388031
72.402	19.156	-24.9981002808
72.411	19.156	-24.1477832794
72.42	19.156	-23.7233486176
72.429	19.156	-23.0987014771
72.438	19.156	-22.8449993134
72.447	19.156	-22.0676250458
72.456	19.156	-22.0
72.465	19.156	-21.6889305115
72.474	19.156	-21.0321979523
72.483	19.156	-21.0
72.492	19.156	-20.4599990845
72.501	19.156	-19.8333015442
72.51	19.156	-19.2603435516
72.519	19.156	-18.9693775177
72.528	19.156	-18.2167339325
72.537	19.156	-18.036190033
72.546	19.156	-17.9685573578
72.555	19.156	-17.6294841766
72.564	19.156	-17.0762290955
72.573	19.156	-17.0361633301
72.582	19.156	-17.0001506805
72.591	19.156	-16.8859348297
72.6	19.156	-16.3645076752
72.609	19.156	-16.0
72.618	19.156	-15.9989519119
72.627	19.156	-15.9347686768
72.636	19.156	-15.1692552567
72.645	19.156	-14.1750001907
72.654	19.156	-14.0
72.663	19.156	-13.8525753021
72.672	19.156	-13.0976791382
72.681	19.156	-12.7483024597
72.69	19.156	-11.7474365234
72.699	19.156	-10.9338979721
72.708	19.156	-10.2711324692
72.717	19.156	-9.3363199234
72.726	19.156	-8.83330154419
72.735	19.156	-8.2177772522
72.744	19.156	-6.37556409836
72.753	19.156	-3.61941218376
72.762	19.156	-1.45843136311
72.771	19.156	-0.124670900404
72.78	19.156	0.0
72.789	19.156	7.7064781189
72.798	19.156	0.0120930606499
72.807	19.156	4.02152490616
72.816	19.156	3.06684446335
72.375	19.147	-28.2917842865
72.384	19.147	-27.3995838165
72.393	19.147	-26.3640670776
72.402	19.147	-25.2112865448
72.411	19.147	-24.1997795105
72.42	19.147	-23.9249992371
72.429	19.147	-23.1350002289
72.438	19.147	-22.85597229
72.447	19.147	-22.118927002
72.456	19.147	-22.0034599304
72.465	19.147	-21.931060791
72.474	19.147	-21.5151424408
72.483	19.147	-21.038225174
72.492	19.147	-20.4982242584
72.501	19.147	-20.0707874298
72.51	19.147	-19.8682384491
72.519	19.147	-19.1644592285
72.528	19.147	-18.2708969116
72.537	19.147	-18.5915298462
72.546	19.147	-18.1461029053
72.555	19.147	-17.9676017761
72.564	19.147	-17.7976646423
72.573	19.147	-17.6024208069
72.582	19.147	-17.0487136841
72.591	19.147	-17.0002994537
72.6	19.147	-16.4977092743
72.609	19.147	-16.0
72.618	19.147	-15.9830646515
72.627	19.147	-15.4323377609
72.636	19.147	-14.954076767
72.645	19.147	-14.1679210663
72.654	19.147	-14.0530910492
72.663	19.147	-13.9740524292
72.672	19.147	-13.6430444717
72.681	19.147	-12.980840683
72.69	19.147	-12.4660835266
72.699	19.147	-11.4910945892
72.708	19.147	-10.5400009155
72.717	19.147	-9.49822616577
72.726	19.147	-9.02689933777
72.735	19.147	-8.29862499237
72.744	19.147	-6.3868393898
72.753	19.147	-3.86477041245
72.762	19.147	-1.80336213112
72.771	19.147	-0.226239547133
72.78	19.147	0.0
72.789	19.147	3.5516898632
72.798	19.147	10.7454814911
72.807	19.147	1.0
72.816	19.147	5.9861330986
72.375	19.138	-29.862613678
72.384	19.138	-28.3519802094
72.393	19.138	-26.7241287231
72.402	19.138	-24.8388767242
72.411	19.138	-24.1487483978
72.42	19.138	-24.0199985504
72.429	19.138	-23.2190742493
72.438	19.138	-22.9850006104
72.447	19.138	-22.6997642517
72.456	19.138	-22.1316699982
72.465	19.138	-22.0949993134
72.474	19.138	-21.9994735718
72.483	19.138	-21.4563007355
72.492	19.138	-20.9162998199
72.501	19.138	-20.8449993134
72.51	19.138	-20.2528572083
72.519	19.138	-19.2899684906
72.528	19.138	-18.3813171387
72.537	19.138	-18.9103603363
72.546	19.138	-18.7707595825
72.555	19.138	-18.1384525299
72.564	19.138	-18.0038089752
72.573	19.138	-17.9596996307
72.582	19.138	-17.5555763245
72.591	19.138	-17.0035820007
72.6	19.138	-16.4977092743
72.609	19.138	-15.9992790222
72.618	19.138	-15.9199180603
72.627	19.138	-15.2372331619
72.636	19.138	-14.3346071243
72.645	19.138	-14.0833740234
72.654	19.138	-14.5625
72.663	19.138	-14.0565252304
72.672	19.138	-13.7283382416
72.681	19.138	-13.0425777435
72.69	19.138	-12.6706943512
72.699	19.138	-11.6199998856
72.708	19.138	-10.5837001801
72.717	19.138	-9.96000003815
72.726	19.138	-9.32110023499
72.735	19.138	-8.29862499237
72.744	19.138	-6.50909280777
72.753	19.138	-4.90708446503
72.762	19.138	-2.77450251579
72.771	19.138	-1.35416388512
72.78	19.138	-0.089793279767
72.789	19.138	5.32266664505
72.798	19.138	0.0
72.807	19.138	5.56728887558
72.816	19.138	6.76777076721
72.375	19.129	-30.950799942
72.384	19.129	-29.3534908295
72.393	19.129	-27.5846443176
72.402	19.129	-26.1657619476
72.411	19.129	-25.3115253448
72.42	19.129	-24.968624115
72.429	19.129	-24.0532245636
72.438	19.129	-23.2190742493
72.447	19.129	-23.1391525269
72.456	19.129	-23.1540222168
72.465	19.129	-23.1108474731
72.474	19.129	-22.6821231842
72.483	19.129	-21.6750011444
72.492	19.129	-21.0620994568
72.501	19.129	-21.0
72.51	19.129	-20.4010982513
72.519	19.129	-19.9132480621
72.528	19.129	-19.2775421143
72.537	19.129	-19.7720432281
72.546	19.129	-19.2052326202
72.555	19.129	-18.7451629639
72.564	19.129	-18.035490036
72.573	19.129	-18.0
72.582	19.129	-17.7032375336
72.591	19.129	-17.138666153
72.6	19.129	-16.5648994446
72.609	19.129	-15.9932804108
72.618	19.129	-15.4324235916
72.627	19.129	-15.0057373047
72.636	19.129	-14.3198022842
72.645	19.129	-14.0221252441
72.654	19.129	-13.9694747925
72.663	19.129	-13.7596750259
72.672	19.129	-13.1380662918
72.681	19.129	-12.9693593979
72.69	19.129	-12.5841064453
72.699	19.129	-11.6712999344
72.708	19.129	-11.0820999146
72.717	19.129	-10.5421009064
72.726	19.129	-9.43130016327
72.735	19.129	-8.29931259155
72.744	19.129	-7.11734485626
72.753	19.129	-5.85402154922
72.762	19.129	-3.88076400757
72.771	19.129	-1.86521542072
72.78	19.129	-0.118616521358
72.789	19.129	0.0
72.798	19.129	0.0
72.807	19.129	0.0
72.816	19.129	13.2265892029
72.375	19.12	-31.4605789185
72.384	19.12	-29.9092884064
72.393	19.12	-28.004201889
72.402	19.12	-27.294500351
72.411	19.12	-27.1776256561
72.42	19.12	-26.2174987793
72.429	19.12	-25.1200008392
72.438	19.12	-24.1949996948
72.447	19.12	-24.2920513153
72.456	19.12	-24.9797744751
72.465	19.12	-24.6652431488
72.474	19.12	-23.5452098846
72.483	19.12	-22.4650001526
72.492	19.12	-21.5200004578
72.501	19.12	-21.1749992371
72.51	19.12	-20.9946346283
72.519	19.12	-20.361749649
72.528	19.12	-20.0386447906
72.537	19.12	-20.5359764099
72.546	19.12	-19.894651413
72.555	19.12	-18.9255847931
72.564	19.12	-18.1695652008
72.573	19.12	-18.0
72.582	19.12	-17.9742698669
72.591	19.12	-17.9253177643
72.6	19.12	-17.0459899902
72.609	19.12	-16.0685634613
72.618	19.12	-15.4732046127
72.627	19.12	-15.1669454575
72.636	19.12	-14.9500665665
72.645	19.12	-14.2368764877
72.654	19.12	-13.3748750687
72.663	19.12	-13.2112503052
72.672	19.12	-13.01541996
72.681	19.12	-12.7529811859
72.69	19.12	-12.0774097443
72.699	19.12	-11.9715003967
72.708	19.12	-11.9249992371
72.717	19.12	-11.3850002289
72.726	19.12	-9.73150062561
72.735	19.12	-8.30000019073
72.744	19.12	-7.16908931732
72.753	19.12	-5.56986808777
72.762	19.12	-3.73983454704
72.771	19.12	-2.00183367729
72.78	19.12	-0.370715498924
72.789	19.12	-0.111159026623
72.798	19.12	-0.137310296297
72.807	19.12	-0.0770121514797
72.816	19.12	0.0
72.375	19.111	-31.6059932709
72.384	19.111	-30.6167411804
72.393	19.111	-29.6587314606
72.402	19.111	-29.5023822784
72.411	19.111	-29.168674469
72.42	19.111	-27.4327507019
72.429	19.111	-26.0387496948
72.438	19.111	-25.2545757294
72.447	19.111	-25.3429832458
72.456	19.111	-25.9844322205
72.465	19.111	-25.5315265656
72.474	19.111	-23.8370304108
72.483	19.111	-22.7549991608
72.492	19.111	-22.0799999237
72.501	19.111	-21.9650001526
72.51	19.111	-21.4453639984
72.519	19.111	-20.988899231
72.528	19.111	-20.2082595825
72.537	19.111	-20.0259208679
72.546	19.111	-19.8954410553
72.555	19.111	-19.2721328735
72.564	19.111	-18.9690074921
72.573	19.111	-18.2150001526
72.582	19.111	-18.2150001526
72.591	19.111	-18.1237869263
72.6	19.111	-17.3726272583
72.609	19.111	-16.3220615387
72.618	19.111	-16.114938736
72.627	19.111	-16.1489105225
72.636	19.111	-15.4172039032
72.645	19.111	-14.9498758316
72.654	19.111	-14.2612495422
72.663	19.111	-13.8691749573
72.672	19.111	-13.2178993225
72.681	19.111	-12.7430677414
72.69	19.111	-12.0293064117
72.699	19.111	-12.0
72.708	19.111	-12.0
72.717	19.111	-11.3439006805
72.726	19.111	-9.67829990387
72.735	19.111	-8.30000019073
72.744	19.111	-7.2205414772
72.753	19.111	-6.36512804031
72.762	19.111	-4.60509061813
72.771	19.111	-2.42370223999
72.78	19.111	-1.08029699326
72.789	19.111	-0.818215250969
72.798	19.111	-0.975596308708
72.807	19.111	-0.524513185024
72.816	19.111	0.0
72.375	19.102	-32.2692070007
72.384	19.102	-31.8461437225
72.393	19.102	-31.3613986969
72.402	19.102	-31.6973495483
72.411	19.102	-30.5514850616
72.42	19.102	-28.4824333191
72.429	19.102	-26.7543392181
72.438	19.102	-26.2884178162
72.447	19.102	-26.2640609741
72.456	19.102	-26.4670658112
72.465	19.102	-26.3073749542
72.474	19.102	-24.7093639374
72.483	19.102	-23.7999992371
72.492	19.102	-22.8815250397
72.501	19.102	-22.3857936859
72.51	19.102	-22.2555599213
72.519	19.102	-21.4944057465
72.528	19.102	-20.4722671509
72.537	19.102	-20.0446491241
72.546	19.102	-19.9972896576
72.555	19.102	-19.9820213318
72.564	19.102	-19.8218688965
72.573	19.102	-19.1873130798
72.582	19.102	-18.981300354
72.591	19.102	-18.5644989014
72.6	19.102	-17.1479091644
72.609	19.102	-16.135345459
72.618	19.102	-16.6260509491
72.627	19.102	-16.948223114
72.636	19.102	-16.1723651886
72.645	19.102	-15.4007472992
72.654	19.102	-15.149889946
72.663	19.102	-14.3263378143
72.672	19.102	-13.8011541367
72.681	19.102	-12.7790803909
72.69	19.102	-12.0293064117
72.699	19.102	-12.0
72.708	19.102	-12.0
72.717	19.102	-11.0815248489
72.726	19.102	-9.6669921875
72.735	19.102	-8.57956027985
72.744	19.102	-7.56352758408
72.753	19.102	-7.66244697571
72.762	19.102	-6.29526185989
72.771	19.102	-4.26604795456
72.78	19.102	-2.51603746414
72.789	19.102	-1.85675442219
72.798	19.102	-1.4735045433
72.807	19.102	-0.648634195328
72.816	19.102	0.0
72.375	19.093	-33.3381080627
72.384	19.093	-33.3214836121
72.393	19.093	-32.6937904358
72.402	19.093	-32.3159255981
72.411	19.093	-31.2213935852
72.42	19.093	-29.5514774323
72.429	19.093	-28.3479328156
72.438	19.093	-27.4334716797
72.447	19.093	-27.2660675049
72.456	19.093	-27.0056476593
72.465	19.093	-26.4619216919
72.474	19.093	-25.3533992767
72.483	19.093	-24.8799991608
72.492	19.093	-24.3313140869
72.501	19.093	-23.713886261
72.51	19.093	-23.0838298798
72.519	19.093	-22.2039108276
72.528	19.093	-21.1511383057
72.537	19.093	-20.4563598633
72.546	19.093	-20.3067779541
72.555	19.093	-20.0287876129
72.564	19.093	-20.0748329163
72.573	19.093	-20.0841827393
72.582	19.093	-19.2369499207
72.591	19.093	-18.4262046814
72.6	19.093	-17.1366481781
72.609	19.093	-16.4771709442
72.618	19.093	-16.7672519684
72.627	19.093	-16.9677829742
72.636	19.093	-16.2192249298
72.645	19.093	-15.9867267609
72.654	19.093	-15.8689126968
72.663	19.093	-14.926404953
72.672	19.093	-13.8590078354
72.681	19.093	-12.8750925064
72.69	19.093	-12.2576971054
72.699	19.093	-12.0030107498
72.708	19.093	-12.0
72.717	19.093	-11.6436004639
72.726	19.093	-10.720000267
72.735	19.093	-9.63999938965
72.744	19.093	-8.5982131958
72.753	19.093	-8.28131961823
72.762	19.093	-7.44916915894
72.771	19.093	-6.79395389557
72.78	19.093	-5.18509101868
72.789	19.093	-2.31589841843
72.798	19.093	-1.14330518246
72.807	19.093	-0.564907670021
72.816	19.093	0.0
72.375	19.084	-34.6336593628
72.384	19.084	-34.5909004211
72.393	19.084	-33.4957847595
72.402	19.084	-32.6433296204
72.411	19.084	-31.3002796173
72.42	19.084	-30.1243686676
72.429	19.084	-29.3820171356
72.438	19.084	-28.5149993896
72.447	19.084	-28.2143516541
72.456	19.084	-27.477935791
72.465	19.084	-27.0993461609
72.474	19.084	-26.2580089569
72.483	19.084	-25.5304908752
72.492	19.084	-24.9904918671
72.501	19.084	-24.3704910278
72.51	19.084	-23.3016529083
72.519	19.084	-22.5363330841
72.528	19.084	-21.6419715881
72.537	19.084	-21.378692627
72.546	19.084	-20.9636936188
72.555	19.084	-20.474861145
72.564	19.084	-20.5529823303
72.573	19.084	-20.7304916382
72.582	19.084	-19.6537532806
72.591	19.084	-18.3419685364
72.6	19.084	-16.9403018951
72.609	19.084	-16.7580184937
72.618	19.084	-17.2708206177
72.627	19.084	-17.3972911835
72.636	19.084	-16.6322517395
72.645	19.084	-16.0751628876
72.654	19.084	-15.8850011826
72.663	19.084	-14.9399995804
72.672	19.084	-13.9466247559
72.681	19.084	-13.3391103745
72.69	19.084	-12.8186216354
72.699	19.084	-12.4342517853
72.708	19.084	-12.2319345474
72.717	19.084	-11.9948654175
72.726	19.084	-11.3704910278
72.735	19.084	-10.2904911041
72.744	19.084	-9.24810028076
72.753	19.084	-8.9191236496
72.762	19.084	-8.0952796936
72.771	19.084	-7.43518304825
72.78	19.084	-6.16676616669
72.789	19.084	-2.77338004112
72.798	19.084	-1.50700867176
72.807	19.084	-0.616205334663
72.816	19.084	0.0
72.375	19.075	-35.999912262
72.384	19.075	-35.6252784729
72.393	19.075	-33.6898040771
72.402	19.075	-31.9160823822
72.411	19.075	-31.0898933411
72.42	19.075	-30.5871963501
72.429	19.075	-30.3848228455
72.438	19.075	-29.5950107574
72.447	19.075	-29.3962783813
72.456	19.075	-28.8899383545
72.465	19.075	-28.186580658
72.474	19.075	-27.1200008392
72.483	19.075	-26.0399208069
72.492	19.075	-25.2299194336
72.501	19.075	-24.3799991608
72.51	19.075	-23.3108482361
72.519	19.075	-22.9566764832
72.528	19.075	-22.2498874664
72.537	19.075	-22.3203315735
72.546	19.075	-21.6184329987
72.555	19.075	-21.4094810486
72.564	19.075	-21.1301841736
72.573	19.075	-21.2398262024
72.582	19.075	-19.9884090424
72.591	19.075	-18.5822906494
72.6	19.075	-17.7512321472
72.609	19.075	-17.5037975311
72.618	19.075	-17.8193778992
72.627	19.075	-17.9678344727
72.636	19.075	-17.1800060272
72.645	19.075	-16.1376571655
72.654	19.075	-15.5102834702
72.663	19.075	-14.9700059891
72.672	19.075	-14.4298725128
72.681	19.075	-13.7565145493
72.69	19.075	-13.0294179916
72.699	19.075	-13.0000019073
72.708	19.075	-12.7698402405
72.717	19.075	-12.2298402786
72.726	19.075	-11.3799991608
72.735	19.075	-10.3000001907
72.744	19.075	-9.23881721497
72.753	19.075	-8.5702495575
72.762	19.075	-8.08106517792
72.771	19.075	-7.86148357391
72.78	19.075	-6.43805408478
72.789	19.075	-3.60013079643
72.798	19.075	-2.00017571449
72.807	19.075	-0.71873742342
72.816	19.075	0.0
